1142	('2019', 0.24, 4.62)
1142	('2019', 10.24, 17.06)
1142	('2019', 48.02, 52.16)
1142	('2019', 54.22, 58.42)
1142	('2019', 63.84, 69.98)
1142	('2019', 70.88, 74.88)
1142	('2019', 81.96, 85.96)
1142	('2019', 95.42, 98.86)
1142	('2019', 100.08, 102.3)
1142	('2019', 105.92, 109.92)
1142	('2019', 130.96, 136.56)
1142	('2019', 137.8, 141.68)
1142	('2019', 142.02, 148.24)
1142	('2019', 149.8, 152.28)
1142	('2019', 169.64, 172.38)
1142	('2019', 203.95, 207.59)
1142	('2019', 208.71, 212.95)
1142	('2019', 214.11, 216.27)
1142	('2019', 217.01, 224.03)
1142	('2019', 224.69, 229.31)
1142	('2019', 229.75, 234.83)
1142	('2019', 238.55, 242.93)
1142	('2019', 250.23, 254.23)
1142	('2019', 260.31, 267.21)
1142	('2019', 268.05, 272.31)
1142	('2019', 274.53, 277.29)
1142	('2019', 334.49, 336.59)
1142	('2019', 357.1, 359.46)
1142	('2019', 372.28, 376.28)
1142	('2019', 418.63, 421.41)
1142	('2019', 422.33, 424.47)
1086	('2028', 16.71, 22.86)
1086	('2028', 23.43, 30.03)
1086	('2028', 94.27, 99.39)
1086	('2028', 100.27, 103.99)
1086	('2028', 105.45, 113.09)
1086	('2028', 113.29, 117.29)
1086	('2028', 117.29, 121.29)
1086	('2028', 126.73, 130.73000000000002)
1086	('2028', 138.49, 142.49)
1086	('2028', 152.89, 156.89)
1086	('2028', 156.89, 160.89)
1086	('2028', 166.19, 172.73)
1086	('2028', 172.85, 175.89)
1086	('2028', 178.65, 183.17)
1086	('2028', 215.91, 219.91)
1086	('2028', 225.87, 232.37)
1086	('2028', 232.53, 238.43)
1086	('2028', 238.81, 245.49)
1086	('2028', 266.83, 270.11)
1086	('2028', 300.67, 304.67)
1086	('2028', 309.33, 313.33)
1086	('2028', 318.45, 325.07)
1086	('2028', 325.35, 332.27)
1086	('2028', 333.17, 338.11)
1086	('2028', 351.61, 353.75)
1086	('2028', 354.75, 358.75)
1086	('2028', 363.43, 368.93)
1086	('2028', 369.17, 372.89)
1086	('2028', 372.99, 376.17)
1086	('2028', 400.59, 404.59)
1086	('2028', 404.59, 408.59)
1086	('2028', 408.59, 412.59)
1086	('2028', 417.65, 421.65)
1086	('2028', 428.63, 431.17)
1086	('2028', 456.38, 459.83)
1086	('2028', 462.0, 469.05)
1086	('2028', 502.36, 510.07)
1086	('2028', 510.3, 514.3)
1086	('2028', 523.46, 527.46)
1086	('2028', 533.44, 539.77)
1086	('2028', 541.96, 548.19)
1085	('2062', 5.92, 9.92)
1085	('2062', 9.92, 13.92)
1085	('2062', 13.92, 17.92)
1085	('2062', 17.92, 21.92)
1085	('2062', 21.92, 25.92)
1085	('2062', 82.57, 86.57)
1085	('2062', 86.57, 90.57)
1085	('2062', 90.57, 94.57)
1085	('2062', 94.57, 98.57)
1085	('2062', 98.57, 102.57)
1085	('2062', 102.57, 106.57)
1085	('2062', 106.57, 110.57)
1085	('2062', 110.57, 114.57)
1085	('2062', 114.57, 118.57)
1085	('2062', 174.64, 178.64)
1085	('2062', 178.64, 182.64)
1085	('2062', 182.64, 186.64)
1085	('2062', 186.64, 190.64)
1085	('2062', 190.64, 194.64)
1085	('2062', 208.95, 213.51)
1085	('2062', 229.19, 231.53)
1085	('2062', 233.17, 237.17)
1085	('2062', 237.17, 241.17)
1085	('2062', 241.17, 245.17)
1085	('2062', 245.17, 249.17)
1085	('2062', 249.17, 253.17)
1085	('2062', 253.17, 257.16999999999996)
1085	('2062', 257.16999999999996, 261.16999999999996)
1085	('2062', 261.16999999999996, 265.16999999999996)
1085	('2062', 265.16999999999996, 269.16999999999996)
1085	('2062', 269.16999999999996, 273.16999999999996)
1085	('2062', 273.16999999999996, 277.16999999999996)
1085	('2062', 277.16999999999996, 281.16999999999996)
1085	('2062', 281.16999999999996, 285.16999999999996)
1085	('2062', 285.16999999999996, 289.16999999999996)
1085	('2062', 289.16999999999996, 293.16999999999996)
1085	('2062', 293.16999999999996, 297.16999999999996)
1085	('2062', 326.18, 330.18)
1085	('2062', 330.18, 334.18)
1085	('2062', 334.18, 338.18)
1085	('2062', 338.18, 342.18)
1085	('2062', 342.18, 346.18)
1085	('2062', 346.18, 350.18)
1085	('2062', 350.18, 354.18)
1085	('2062', 391.76, 395.76)
1085	('2062', 395.76, 399.76)
1085	('2062', 399.76, 403.76)
1085	('2062', 403.76, 407.76)
1085	('2062', 407.76, 411.76)
1085	('2062', 411.76, 415.76)
1085	('2062', 415.76, 419.76)
1085	('2062', 464.76, 468.76)
1085	('2062', 468.76, 472.76)
1085	('2062', 472.76, 476.76)
1085	('2062', 476.76, 480.76)
1085	('2062', 480.76, 484.76)
1085	('2062', 484.76, 488.76)
1085	('2062', 488.76, 492.76)
1085	('2062', 492.76, 496.76)
1085	('2062', 496.76, 500.76)
1085	('2062', 500.76, 504.76)
1085	('2062', 504.76, 508.76)
1085	('2062', 562.12, 566.12)
1085	('2062', 566.12, 570.12)
1085	('2062', 570.12, 574.12)
1085	('2062', 574.12, 578.12)
1085	('2062', 578.12, 582.12)
1085	('2062', 588.27, 592.56)
1167	('2032', 7.17, 12.0)
1167	('2032', 13.71, 18.56)
1167	('2032', 22.91, 28.2)
1167	('2032', 34.55, 37.58)
1167	('2032', 44.71, 48.8)
1167	('2032', 58.06, 60.38)
1167	('2032', 63.72, 66.24)
1167	('2032', 70.38, 74.22)
1167	('2032', 85.88, 89.24)
1167	('2032', 89.58, 94.58)
1167	('2032', 97.32, 102.7)
1167	('2032', 116.08, 118.98)
1167	('2032', 181.62, 184.22)
1167	('2032', 204.36, 206.76)
1167	('2032', 213.12, 216.56)
1167	('2032', 229.58, 233.58)
1167	('2032', 291.48, 295.42)
1167	('2032', 331.04, 333.58)
1167	('2032', 344.78, 350.6)
1167	('2032', 357.64, 361.64)
1167	('2032', 371.22, 373.46)
1167	('2032', 374.38, 378.34)
1167	('2032', 378.98, 386.06)
1167	('2032', 386.76, 388.96)
1167	('2032', 389.08, 393.28)
1167	('2032', 422.96, 426.14)
1167	('2032', 464.05, 466.48)
1167	('2032', 480.79, 484.02)
1167	('2032', 484.37, 491.1)
1167	('2032', 491.67, 496.48)
1167	('2061', 20.4, 23.4)
1167	('2061', 31.7, 35.04)
1167	('2061', 49.98, 52.02)
1167	('2061', 76.24, 79.62)
1167	('2061', 82.14, 84.54)
1167	('2061', 91.96, 97.98)
1167	('2061', 98.26, 101.64)
1167	('2061', 103.58, 106.32)
1167	('2061', 148.34, 152.48)
1167	('2061', 157.24, 163.44)
1167	('2061', 167.16, 169.24)
1167	('2061', 185.48, 188.06)
1167	('2061', 224.44, 228.82)
1167	('2061', 229.28, 232.38)
1167	('2061', 243.18, 245.36)
1167	('2061', 247.02, 252.74)
1167	('2061', 310.22, 312.84)
1167	('2061', 366.88, 370.88)
1167	('2061', 416.38, 418.66)
1167	('2061', 440.8, 445.68)
1167	('2061', 458.2, 460.28)
1167	('2061', 503.9, 505.92)
1167	('2061', 560.28, 567.74)
1146	('2013', 3.36, 6.59)
1146	('2013', 22.94, 26.73)
1146	('2013', 68.46, 70.85)
1146	('2013', 71.55, 73.81)
1146	('2013', 74.47, 79.09)
1146	('2013', 116.65, 120.05)
1146	('2013', 120.43, 122.63)
1146	('2013', 137.31, 141.31)
1146	('2013', 141.31, 145.31)
1146	('2013', 145.31, 149.31)
1146	('2013', 220.02, 222.33)
1146	('2013', 250.02, 252.67)
1146	('2013', 284.98, 288.11)
1146	('2013', 306.72, 311.97)
1146	('2013', 365.26, 369.26)
1146	('2013', 369.26, 373.26)
1146	('2013', 380.0, 385.97)
1146	('2013', 398.83, 402.02)
1146	('2013', 403.17, 408.3)
1146	('2013', 410.49, 414.49)
1146	('2013', 414.49, 418.49)
1146	('2013', 425.27, 428.24)
1146	('2013', 436.07, 439.72)
1146	('2013', 484.99, 488.99)
1146	('2013', 488.99, 492.99)
1146	('2013', 492.99, 496.99)
1146	('2013', 504.27, 508.27)
1146	('2013', 520.23, 527.38)
1146	('2013', 527.99, 534.54)
1146	('2013', 544.05, 547.06)
1147	('2017', 35.5, 40.34)
1147	('2017', 53.0, 57.0)
1147	('2017', 57.0, 61.0)
1147	('2017', 61.0, 65.0)
1147	('2017', 69.52, 75.24)
1147	('2017', 159.11, 166.52)
1147	('2017', 219.15, 222.32)
1147	('2017', 231.03, 236.42)
1147	('2017', 236.63, 239.8)
1147	('2017', 254.35, 258.35)
1147	('2017', 311.95, 316.83)
1147	('2017', 317.03, 323.91)
1147	('2017', 352.5, 356.5)
1147	('2017', 356.5, 360.5)
1147	('2017', 366.52, 369.71)
1147	('2017', 380.54, 383.35)
1148	('2050', 41.39, 45.58)
1148	('2050', 45.69, 53.04)
1148	('2050', 53.33, 57.33)
1148	('2050', 57.33, 61.33)
1148	('2050', 68.83, 76.48)
1148	('2050', 82.35, 86.35)
1148	('2050', 91.21, 95.21)
1148	('2050', 95.21, 99.21)
1148	('2050', 99.21, 103.21)
1148	('2050', 103.21, 107.21)
1148	('2050', 125.94, 129.94)
1148	('2050', 129.94, 133.94)
1148	('2050', 138.6, 142.6)
1148	('2050', 182.85, 185.27)
1148	('2050', 214.86, 218.86)
1148	('2050', 223.88, 227.88)
1148	('2050', 227.88, 231.88)
1148	('2050', 258.29, 262.29)
1148	('2050', 295.73, 299.73)
1148	('2050', 299.73, 303.73)
1148	('2050', 303.73, 307.73)
1148	('2050', 312.83, 316.83)
1148	('2050', 350.8, 354.8)
1148	('2050', 354.8, 358.8)
1148	('2050', 358.8, 362.8)
1148	('2050', 369.82, 376.33)
1148	('2050', 382.44, 385.85)
1148	('2050', 417.69, 420.99)
1148	('2050', 461.58, 463.9)
1148	('2050', 464.48, 468.48)
1148	('2050', 468.48, 472.48)
1148	('2050', 472.48, 476.48)
1148	('2050', 483.8, 487.8)
1148	('2050', 504.74, 507.31)
1148	('2050', 515.34, 518.72)
1148	('2050', 533.61, 537.56)
1148	('2017', 9.8, 13.8)
1148	('2017', 18.82, 21.2)
1148	('2017', 21.5, 28.28)
1148	('2017', 29.88, 34.42)
1148	('2017', 40.34, 44.34)
1148	('2017', 50.52, 53.0)
1148	('2017', 88.24, 92.24)
1148	('2017', 92.24, 96.24)
1148	('2017', 96.24, 100.24)
1148	('2017', 108.5, 112.5)
1148	('2017', 119.92, 123.92)
1148	('2017', 123.92, 127.92)
1148	('2017', 127.92, 131.92000000000002)
1148	('2017', 136.9, 140.79)
1148	('2017', 140.92, 144.92)
1148	('2017', 153.16, 159.11)
1148	('2017', 187.9, 191.9)
1148	('2017', 191.9, 195.9)
1148	('2017', 201.32, 205.32)
1148	('2017', 211.14, 215.14)
1148	('2017', 222.32, 229.11)
1148	('2017', 239.8, 243.8)
1148	('2017', 284.2, 288.2)
1148	('2017', 288.2, 292.2)
1148	('2017', 299.25, 303.25)
1148	('2017', 323.91, 326.73)
1148	('2017', 327.95, 331.95)
1148	('2017', 331.95, 335.95)
1148	('2017', 335.95, 339.95)
1148	('2017', 346.33, 352.5)
1148	('2017', 369.71, 376.52)
1148	('2064', 7.39, 13.44)
1148	('2064', 22.99, 27.42)
1148	('2064', 30.89, 36.92)
1148	('2064', 60.39, 63.87)
1148	('2064', 64.11, 67.51)
1148	('2064', 68.17, 72.17)
1148	('2064', 72.17, 76.17)
1148	('2064', 76.17, 80.17)
1148	('2064', 113.1, 115.98)
1148	('2064', 116.46, 120.46)
1148	('2064', 142.52, 144.74)
1148	('2064', 163.36, 166.92)
1148	('2064', 167.2, 171.28)
1148	('2064', 172.34, 180.2)
1148	('2064', 180.7, 184.7)
1148	('2064', 184.7, 188.7)
1148	('2064', 205.86, 209.3)
1148	('2064', 221.82, 228.2)
1148	('2064', 229.02, 234.32)
1148	('2064', 240.0, 244.0)
1148	('2064', 265.26, 269.26)
1148	('2064', 286.0, 293.23)
1148	('2064', 294.18, 298.18)
1148	('2064', 302.68, 306.37)
1148	('2064', 311.45, 314.75)
1148	('2064', 321.23, 324.3)
1148	('2064', 336.45, 339.5)
1148	('2064', 363.67, 368.49)
1148	('2064', 391.51, 394.61)
1123	('2067', 27.9, 33.98)
1123	('2067', 36.25, 41.68)
1123	('2067', 49.05, 52.36)
1123	('2067', 71.51, 74.8)
1123	('2067', 130.98, 136.6)
1123	('2067', 167.04, 170.86)
1123	('2067', 171.24, 175.9)
1123	('2067', 182.18, 188.64)
1123	('2067', 205.88, 209.88)
1123	('2067', 217.0, 220.0)
1123	('2067', 228.82, 232.82)
1123	('2067', 243.74, 247.43)
1169	('2020', 9.94, 13.94)
1169	('2020', 22.6, 26.6)
1169	('2020', 26.6, 30.6)
1169	('2020', 91.37, 93.42)
1169	('2020', 149.79, 153.79)
1169	('2020', 158.29, 162.29)
1169	('2020', 162.29, 166.29)
1169	('2020', 166.29, 170.29)
1169	('2020', 199.77, 206.18)
1169	('2020', 206.39, 213.22)
1169	('2020', 213.71, 216.1)
1169	('2020', 219.98, 225.94)
1169	('2020', 226.42, 230.42)
1169	('2020', 236.36, 244.12)
1169	('2020', 295.42, 299.82)
1169	('2020', 300.76, 303.04)
1169	('2020', 322.72, 330.11)
1169	('2020', 331.16, 334.15)
1169	('2020', 378.67, 383.63)
1169	('2020', 509.1, 512.38)
1169	('2005', 11.22, 15.22)
1169	('2005', 22.18, 26.18)
1169	('2005', 45.7, 49.7)
1169	('2005', 49.7, 53.7)
1169	('2005', 53.7, 57.7)
1169	('2005', 57.7, 61.7)
1169	('2005', 61.7, 65.7)
1169	('2005', 65.7, 69.7)
1169	('2005', 78.14, 82.14)
1169	('2005', 86.28, 90.28)
1169	('2005', 235.24, 239.24)
1169	('2005', 245.68, 250.56)
1169	('2005', 250.66, 254.66)
1169	('2005', 261.2, 265.2)
1169	('2005', 271.7, 278.84)
1169	('2005', 278.98, 283.16)
1169	('2005', 361.11, 365.67)
1169	('2005', 367.57, 369.91)
1169	('2005', 402.06, 404.48)
1169	('2005', 426.4, 430.0)
1169	('2005', 479.83, 482.23)
1126	('2009', 3.69, 6.65)
1126	('2009', 7.99, 11.17)
1126	('2009', 11.85, 16.69)
1126	('2009', 45.45, 48.1)
1126	('2009', 67.23, 72.46)
1126	('2009', 75.45, 78.12)
1126	('2009', 86.17, 90.17)
1126	('2009', 90.17, 94.17)
1126	('2009', 98.49, 100.9)
1126	('2009', 101.39, 107.44)
1126	('2009', 116.45, 121.26)
1126	('2009', 125.86, 129.86)
1126	('2009', 134.7, 137.43)
1126	('2009', 168.82, 172.82)
1126	('2009', 177.92, 180.11)
1126	('2009', 180.78, 184.78)
1126	('2009', 194.7, 200.99)
1126	('2009', 201.32, 205.17)
1126	('2009', 215.08, 218.69)
1126	('2009', 242.34, 249.21)
1126	('2009', 251.24, 255.31)
1126	('2009', 261.74, 264.29)
1174	('2073', 3.66, 7.66)
1174	('2073', 7.66, 11.66)
1174	('2073', 11.66, 15.66)
1174	('2073', 15.66, 19.66)
1174	('2073', 19.66, 23.66)
1174	('2073', 23.66, 27.66)
1174	('2073', 27.66, 31.66)
1174	('2073', 31.66, 35.66)
1174	('2073', 35.66, 39.66)
1174	('2073', 45.08, 49.08)
1174	('2073', 102.51, 106.51)
1174	('2073', 106.51, 110.51)
1174	('2073', 110.51, 114.51)
1174	('2073', 114.51, 118.51)
1174	('2073', 118.51, 122.51)
1174	('2073', 122.51, 126.51)
1174	('2073', 126.51, 130.51)
1174	('2073', 156.67, 160.67)
1174	('2073', 211.96, 214.21)
1174	('2073', 258.32, 262.32)
1174	('2073', 270.56, 274.56)
1174	('2073', 274.56, 278.56)
1174	('2073', 387.96, 390.76)
1174	('2073', 391.83, 397.44)
1174	('2073', 398.17, 403.34)
1174	('2073', 403.81, 406.94)
1174	('2073', 409.25, 412.3)
1174	('2073', 420.92, 423.4)
1174	('2073', 430.5, 434.5)
1174	('2073', 460.93, 464.62)
1174	('2073', 465.31, 469.24)
1174	('2073', 479.76, 481.78)
1139	('2055', 17.83, 20.01)
1139	('2055', 28.67, 32.67)
1139	('2055', 46.29, 50.29)
1139	('2055', 50.29, 54.29)
1139	('2055', 75.11, 77.14)
1139	('2055', 79.77, 86.62)
1139	('2055', 97.76, 101.76)
1139	('2055', 101.76, 105.76)
1139	('2055', 105.76, 109.76)
1139	('2055', 114.76, 117.98)
1139	('2055', 124.2, 128.2)
1139	('2055', 147.27, 153.26)
1139	('2055', 194.46, 198.55)
1139	('2055', 213.99, 220.64)
1139	('2055', 240.28, 243.3)
1139	('2055', 249.36, 252.38)
1139	('2055', 255.08, 257.64)
1051	('2051', 1.3, 4.99)
1051	('2051', 5.44, 9.89)
1051	('2051', 11.04, 14.86)
1051	('2051', 16.06, 18.44)
1051	('2051', 34.43, 38.43)
1051	('2051', 38.43, 42.43)
1051	('2051', 83.24, 87.24)
1051	('2051', 87.24, 91.24)
1051	('2051', 216.06, 220.06)
1051	('2051', 227.08, 234.99)
1051	('2051', 291.78, 297.49)
1051	('2051', 341.47, 343.75)
1051	('2051', 362.12, 365.74)
1051	('2051', 424.51, 427.52)
1051	('2051', 469.05, 473.05)
1051	('2051', 473.05, 477.05)
1051	('2051', 485.15, 490.01)
1051	('2051', 490.51, 495.31)
1051	('2080', 5.2, 9.2)
1051	('2080', 20.18, 25.38)
1051	('2080', 27.0, 31.0)
1051	('2080', 31.0, 35.0)
1051	('2080', 35.0, 39.0)
1051	('2080', 39.0, 43.0)
1051	('2080', 43.0, 47.0)
1051	('2080', 47.0, 51.0)
1051	('2080', 51.0, 55.0)
1051	('2080', 60.25, 63.04)
1051	('2080', 95.39, 99.39)
1051	('2080', 104.13, 108.47)
1051	('2080', 108.79, 112.79)
1051	('2080', 148.48, 154.5)
1051	('2080', 155.3, 161.14)
1051	('2080', 182.76, 186.05)
1051	('2080', 189.22, 194.43)
1051	('2080', 195.36, 201.12)
1051	('2080', 201.5, 205.68)
1051	('2080', 216.72, 220.72)
1051	('2080', 220.72, 224.72)
1051	('2080', 276.08, 280.39)
1051	('2080', 296.2, 300.2)
1051	('2080', 306.02, 310.02)
1051	('2080', 319.26, 323.26)
1051	('2080', 323.26, 327.26)
1051	('2080', 327.26, 331.26)
1051	('2080', 375.12, 378.5)
1051	('2080', 379.75, 384.58)
1051	('2080', 391.39, 398.76)
1051	('2080', 399.55, 402.26)
1051	('2080', 408.75, 413.56)
1051	('2080', 414.99, 418.6)
1051	('2080', 421.29, 424.25)
1051	('2080', 425.79, 428.63)
1052	('2019', 4.62, 7.08)
1052	('2019', 17.06, 21.06)
1052	('2019', 21.06, 25.06)
1052	('2019', 25.06, 29.06)
1052	('2019', 29.06, 33.06)
1052	('2019', 33.06, 37.06)
1052	('2019', 37.06, 41.06)
1052	('2019', 52.16, 54.22)
1052	('2019', 58.42, 60.5)
1052	('2019', 61.8, 63.84)
1052	('2019', 91.96, 95.42)
1052	('2019', 172.38, 176.38)
1052	('2019', 176.38, 180.38)
1052	('2019', 180.38, 184.38)
1052	('2019', 184.38, 188.38)
1052	('2019', 199.82, 203.95)
1052	('2019', 242.93, 250.23)
1052	('2019', 272.31, 274.53)
1052	('2019', 277.29, 281.29)
1052	('2019', 281.29, 285.29)
1052	('2019', 285.29, 289.29)
1052	('2019', 289.29, 293.29)
1052	('2019', 293.29, 297.29)
1052	('2019', 297.29, 301.29)
1052	('2019', 306.73, 310.73)
1052	('2019', 310.73, 314.73)
1052	('2019', 314.73, 318.73)
1052	('2019', 324.23, 328.23)
1052	('2019', 336.59, 340.59)
1052	('2019', 340.59, 344.59)
1052	('2019', 344.59, 348.59)
1052	('2019', 348.59, 352.59)
1052	('2019', 381.14, 385.14)
1052	('2019', 390.72, 394.72)
1052	('2019', 401.68, 407.38)
1052	('2019', 408.38, 412.38)
1052	('2007', 1.58, 5.3)
1052	('2007', 12.64, 16.64)
1052	('2007', 16.64, 20.64)
1052	('2007', 53.31, 57.31)
1052	('2007', 57.31, 61.31)
1052	('2007', 69.85, 73.97)
1052	('2007', 104.25, 106.68)
1052	('2007', 119.57, 123.84)
1052	('2007', 160.29, 164.29)
1052	('2007', 164.29, 168.29)
1052	('2007', 168.29, 172.29)
1052	('2007', 212.21, 216.21)
1052	('2007', 216.21, 220.21)
1052	('2007', 220.21, 224.21)
1052	('2007', 224.21, 228.21)
1052	('2007', 234.61, 237.49)
1052	('2007', 286.95, 290.72)
1052	('2007', 332.22, 334.88)
1052	('2007', 347.78, 354.04)
1052	('2007', 367.68, 371.68)
1052	('2007', 380.22, 382.32)
1052	('2007', 383.34, 390.76)
1052	('2007', 391.62, 395.62)
1052	('2007', 395.62, 399.62)
1052	('2007', 415.32, 419.32)
1052	('2007', 427.74, 431.74)
1052	('2007', 450.94, 457.03)
1052	('2007', 458.62, 461.91)
1052	('2007', 462.62, 466.62)
1052	('2007', 466.62, 470.62)
1052	('2007', 506.74, 512.19)
1052	('2007', 518.14, 524.11)
1052	('2007', 525.5, 529.5)
1052	('2007', 569.13, 573.13)
1053	('2014', 40.82, 44.08)
1053	('2014', 44.68, 47.88)
1053	('2014', 54.15, 58.15)
1053	('2014', 58.15, 62.15)
1053	('2014', 117.33, 121.33)
1053	('2014', 121.33, 125.33)
1053	('2014', 130.63, 132.89)
1053	('2014', 138.79, 141.59)
1053	('2014', 149.33, 152.65)
1053	('2014', 158.53, 160.63)
1053	('2014', 161.37, 166.17)
1053	('2014', 188.17, 192.07)
1053	('2014', 205.63, 207.65)
1053	('2014', 218.23, 221.08)
1053	('2014', 223.43, 225.7)
1055	('2009', 0.69, 3.69)
1055	('2009', 19.51, 23.51)
1055	('2009', 30.25, 34.25)
1055	('2009', 34.25, 38.25)
1055	('2009', 48.1, 52.1)
1055	('2009', 52.1, 56.1)
1055	('2009', 56.1, 60.1)
1055	('2009', 78.12, 82.12)
1055	('2009', 113.54, 116.45)
1055	('2009', 121.26, 125.86)
1055	('2009', 139.45, 145.08)
1055	('2009', 145.61, 149.61)
1055	('2009', 149.61, 153.61)
1055	('2009', 153.61, 157.61)
1055	('2009', 157.61, 161.61)
1055	('2009', 205.17, 211.56)
1055	('2009', 212.39, 215.08)
1055	('2009', 218.69, 222.94)
1055	('2009', 223.31, 227.31)
1055	('2009', 227.31, 231.31)
1055	('2009', 236.51, 242.34)
1055	('2009', 255.31, 261.74)
1055	('2009', 267.55, 270.48)
1055	('2009', 272.17, 276.17)
1055	('2009', 276.17, 280.17)
1055	('2009', 280.17, 284.17)
1055	('2009', 290.86, 294.67)
1055	('2009', 296.66, 300.66)
1055	('2045', 0.5, 6.8)
1055	('2045', 56.44, 62.64)
1055	('2045', 86.14, 91.78)
1055	('2045', 92.04, 96.04)
1055	('2045', 107.82, 111.82)
1055	('2045', 111.82, 115.82)
1055	('2045', 123.3, 126.7)
1055	('2045', 128.82, 135.2)
1055	('2045', 143.3, 147.38)
1055	('2045', 147.6, 152.06)
1055	('2045', 155.26, 160.86)
1055	('2045', 163.4, 170.82)
1055	('2045', 172.82, 177.56)
1055	('2045', 189.14, 192.16)
1055	('2045', 194.88, 197.26)
1055	('2045', 202.64, 204.92)
1055	('2045', 211.26, 215.89)
1055	('2045', 221.47, 225.47)
1055	('2045', 225.47, 229.47)
1055	('2045', 234.25, 238.25)
1055	('2045', 247.51, 249.57)
1055	('2045', 263.57, 267.57)
1055	('2045', 273.37, 275.57)
1055	('2045', 276.49, 279.51)
1055	('2045', 280.99, 288.55)
1055	('2045', 296.63, 300.63)
1055	('2045', 308.73, 312.37)
1055	('2045', 312.65, 318.05)
1055	('2045', 319.87, 325.07)
1055	('2045', 341.05, 344.07)
1055	('2045', 388.51, 393.51)
1056	('2060', 21.94, 25.94)
1056	('2060', 32.24, 37.59)
1056	('2060', 48.3, 55.37)
1056	('2060', 56.62, 60.15)
1056	('2060', 61.87, 67.63)
1056	('2060', 68.23, 72.23)
1056	('2060', 80.53, 84.53)
1056	('2060', 84.53, 88.53)
1056	('2060', 88.53, 92.53)
1056	('2060', 97.55, 101.55)
1056	('2060', 106.25, 110.25)
1056	('2060', 110.25, 114.25)
1056	('2060', 121.73, 125.73)
1056	('2060', 125.73, 129.73000000000002)
1056	('2060', 163.47, 167.47)
1056	('2060', 167.47, 171.47)
1056	('2060', 171.47, 175.47)
1056	('2060', 175.47, 179.47)
1056	('2060', 189.01, 196.29)
1056	('2060', 203.09, 209.03)
1056	('2060', 210.61, 214.61)
1056	('2060', 220.21, 227.47)
1056	('2060', 235.23, 239.23)
1056	('2060', 245.09, 247.97)
1056	('2060', 249.33, 254.97)
1056	('2060', 270.97, 273.31)
1056	('2060', 288.57, 294.41)
1056	('2060', 314.75, 321.23)
1056	('2060', 321.71, 324.53)
1056	('2060', 324.85, 327.63)
1057	('2008', 1.7, 4.16)
1057	('2008', 26.05, 28.76)
1057	('2008', 29.09, 32.08)
1057	('2008', 33.81, 38.76)
1057	('2008', 39.07, 42.72)
1057	('2008', 64.86, 71.23)
1057	('2008', 71.58, 73.73)
1057	('2008', 74.22, 78.85)
1057	('2008', 80.76, 82.77)
1057	('2008', 83.28, 87.29)
1057	('2008', 92.06, 97.29)
1057	('2008', 104.34, 107.83)
1057	('2008', 148.21, 153.96)
1057	('2008', 154.35, 158.66)
1057	('2008', 160.85, 163.26)
1057	('2008', 174.23, 178.9)
1057	('2008', 181.19, 185.96)
1057	('2008', 188.07, 192.74)
1057	('2008', 197.42, 201.42)
1073	('2038', 3.25, 5.78)
1073	('2038', 18.53, 23.28)
1073	('2038', 50.28, 54.28)
1073	('2038', 54.28, 58.28)
1073	('2038', 58.28, 62.28)
1073	('2038', 62.28, 66.28)
1073	('2038', 66.28, 70.28)
1073	('2038', 75.84, 79.84)
1073	('2038', 79.84, 83.84)
1073	('2038', 90.96, 94.96)
1073	('2038', 94.96, 98.96)
1073	('2038', 98.96, 102.96)
1073	('2038', 102.96, 106.96)
1073	('2038', 106.96, 110.96)
1073	('2038', 110.96, 114.96)
1073	('2038', 114.96, 118.96)
1073	('2038', 118.96, 122.96)
1073	('2038', 122.96, 126.96)
1073	('2038', 217.2, 221.2)
1073	('2038', 221.2, 225.2)
1073	('2038', 232.24, 236.24)
1073	('2038', 236.24, 240.24)
1073	('2038', 240.24, 244.24)
1073	('2038', 244.24, 248.24)
1073	('2038', 248.24, 252.24)
1073	('2038', 259.28, 263.28)
1073	('2038', 263.28, 267.28)
1073	('2038', 267.28, 271.28)
1073	('2038', 282.8, 286.8)
1073	('2038', 286.8, 290.8)
1073	('2038', 290.8, 294.8)
1073	('2038', 294.8, 298.8)
1073	('2038', 298.8, 302.8)
1073	('2038', 356.4, 360.4)
1073	('2038', 360.4, 364.4)
1073	('2038', 380.56, 384.56)
1073	('2038', 392.88, 396.88)
1073	('2038', 396.88, 400.88)
1073	('2038', 421.32, 425.32)
1073	('2038', 425.32, 429.32)
1073	('2038', 429.32, 433.32)
1073	('2038', 433.32, 437.32)
1073	('2038', 443.52, 447.52)
1073	('2038', 487.46, 491.46)
1073	('2038', 498.04, 503.74)
1073	('2038', 506.72, 512.02)
1073	('2038', 527.48, 533.84)
1073	('2038', 539.42, 542.66)
1073	('2038', 573.29, 578.18)
1073	('2038', 578.77, 582.77)
1073	('2038', 587.17, 591.17)
1073	('2038', 591.17, 595.17)
1071	('2078', 12.34, 15.36)
1071	('2078', 15.98, 20.06)
1071	('2078', 25.06, 27.85)
1071	('2078', 32.14, 36.14)
1071	('2078', 80.55, 83.51)
1071	('2078', 84.13, 88.13)
1071	('2078', 88.13, 92.13)
1071	('2078', 102.81, 106.81)
1071	('2078', 115.95, 120.45)
1071	('2078', 125.61, 129.85)
1071	('2078', 130.79, 134.79)
1071	('2078', 134.79, 138.79)
1071	('2078', 148.71, 152.44)
1071	('2078', 152.89, 155.28)
1071	('2078', 156.41, 160.41)
1071	('2078', 166.99, 170.99)
1071	('2078', 179.01, 181.44)
1071	('2078', 184.15, 186.6)
1071	('2078', 201.35, 203.38)
1071	('2078', 214.97, 218.65)
1071	('2078', 239.78, 244.84)
1071	('2078', 244.82, 247.18)
1071	('2078', 250.18, 254.06)
1071	('2078', 317.74, 320.7)
1071	('2078', 354.64, 357.97)
1071	('2078', 405.52, 408.35)
1071	('2078', 414.5, 418.5)
1071	('2078', 418.5, 422.5)
1071	('2078', 428.06, 435.49)
1071	('2078', 436.44, 441.95)
1071	('2078', 442.24, 444.43)
1071	('2078', 446.92, 453.09)
1071	('2078', 455.76, 461.28)
1071	('2078', 461.44, 466.98)
1071	('2078', 468.04, 470.58)
1071	('2078', 473.02, 477.02)
1071	('2078', 486.52, 488.96)
1071	('2078', 490.34, 492.96)
1071	('2078', 504.54, 508.53)
1071	('2078', 512.24, 514.57)
1071	('2078', 521.2, 526.03)
1071	('2078', 526.84, 530.84)
1071	('2078', 530.84, 534.84)
1071	('2078', 548.72, 551.28)
1071	('2078', 572.22, 574.69)
1071	('2078', 585.78, 593.61)
1071	('2013', 26.73, 30.73)
1071	('2013', 30.73, 34.730000000000004)
1071	('2013', 42.19, 46.19)
1071	('2013', 61.95, 68.46)
1071	('2013', 81.43, 84.43)
1071	('2013', 93.03, 97.03)
1071	('2013', 97.03, 101.03)
1071	('2013', 101.03, 105.03)
1071	('2013', 105.03, 109.03)
1071	('2013', 122.63, 126.63)
1071	('2013', 132.87, 137.31)
1071	('2013', 157.55, 161.55)
1071	('2013', 161.55, 165.55)
1071	('2013', 165.55, 169.55)
1071	('2013', 169.55, 173.55)
1071	('2013', 183.92, 187.92)
1071	('2013', 187.92, 191.92)
1071	('2013', 191.92, 195.92)
1071	('2013', 195.92, 199.92)
1071	('2013', 199.92, 203.92)
1071	('2013', 222.33, 226.33)
1071	('2013', 226.33, 230.33)
1071	('2013', 230.33, 234.33)
1071	('2013', 234.33, 238.33)
1071	('2013', 242.75, 250.02)
1071	('2013', 252.67, 256.66999999999996)
1071	('2013', 256.66999999999996, 260.66999999999996)
1071	('2013', 260.66999999999996, 264.66999999999996)
1071	('2013', 264.66999999999996, 268.66999999999996)
1071	('2013', 268.66999999999996, 272.66999999999996)
1071	('2013', 272.66999999999996, 276.66999999999996)
1071	('2013', 276.66999999999996, 280.66999999999996)
1071	('2013', 289.51, 293.51)
1071	('2013', 293.51, 297.51)
1071	('2013', 297.51, 301.51)
1071	('2013', 313.17, 317.17)
1071	('2013', 317.17, 321.17)
1071	('2013', 321.17, 325.17)
1071	('2013', 325.17, 329.17)
1071	('2013', 329.17, 333.17)
1071	('2013', 333.17, 337.17)
1071	('2013', 344.61, 348.61)
1071	('2013', 348.61, 352.61)
1071	('2013', 352.61, 356.61)
1071	('2013', 356.61, 360.61)
1071	('2013', 390.31, 397.6)
1071	('2013', 408.3, 410.49)
1071	('2013', 431.22, 436.07)
1071	('2013', 462.58, 466.58)
1071	('2013', 473.54, 477.54)
1071	('2013', 513.68, 520.23)
1110	('2012', 50.98, 54.98)
1110	('2012', 54.98, 58.98)
1110	('2012', 66.96, 74.46)
1110	('2012', 74.7, 80.3)
1110	('2012', 82.8, 86.8)
1110	('2012', 86.8, 90.8)
1110	('2012', 136.76, 143.84)
1110	('2012', 144.0, 147.82)
1110	('2012', 148.14, 153.12)
1110	('2012', 153.96, 157.96)
1110	('2012', 162.96, 166.96)
1110	('2012', 210.24, 217.12)
1110	('2012', 217.64, 221.64)
1110	('2012', 228.2, 232.2)
1110	('2012', 238.06, 242.06)
1110	('2012', 242.06, 246.06)
1110	('2012', 268.54, 273.74)
1110	('2012', 277.12, 281.12)
1110	('2012', 287.94, 291.94)
1110	('2012', 298.04, 304.24)
1110	('2012', 311.88, 315.82)
1110	('2012', 365.7, 371.24)
1110	('2012', 373.84, 377.32)
1110	('2012', 423.54, 426.9)
1110	('2012', 549.12, 553.12)
1110	('2012', 553.12, 557.12)
1110	('2041', 5.98, 10.04)
1110	('2041', 10.22, 14.22)
1110	('2041', 19.86, 24.84)
1110	('2041', 27.18, 31.18)
1110	('2041', 36.96, 39.24)
1110	('2041', 91.93, 97.45)
1110	('2041', 97.51, 99.65)
1110	('2041', 99.89, 102.25)
1110	('2041', 102.91, 106.91)
1110	('2041', 114.79, 119.37)
1110	('2041', 121.35, 127.37)
1110	('2041', 133.51, 136.39)
1110	('2041', 136.82, 141.05)
1110	('2041', 142.44, 147.49)
1110	('2041', 147.92, 151.92)
1110	('2041', 158.26, 162.99)
1110	('2041', 163.16, 165.41)
1110	('2041', 170.01, 174.01)
1110	('2041', 174.01, 178.01)
1110	('2041', 186.09, 188.79)
1110	('2041', 188.87, 193.15)
1110	('2041', 193.13, 195.29)
1110	('2041', 195.91, 201.99)
1110	('2041', 206.67, 211.41)
1110	('2041', 215.83, 218.95)
1110	('2041', 265.05, 269.05)
1110	('2041', 269.05, 273.05)
1110	('2041', 279.47, 284.85)
1110	('2041', 285.13, 289.13)
1110	('2041', 344.78, 348.78)
1110	('2041', 348.78, 352.78)
1110	('2041', 371.97, 375.97)
1110	('2041', 449.63, 457.26)
1110	('2041', 465.35, 469.35)
1110	('2041', 469.35, 473.35)
1110	('2041', 520.82, 526.57)
1110	('2041', 549.09, 554.13)
1110	('2041', 559.92, 562.49)
1110	('2041', 562.46, 569.61)
1110	('2041', 570.76, 572.79)
1110	('2041', 572.78, 576.57)
1110	('2041', 577.02, 581.02)
1110	('2041', 586.68, 594.45)
1039	('2010', 5.17, 9.17)
1039	('2010', 9.17, 13.17)
1039	('2010', 21.55, 27.01)
1039	('2010', 29.97, 34.57)
1039	('2010', 52.21, 56.21)
1039	('2010', 56.21, 60.21)
1039	('2010', 92.15, 99.03)
1039	('2010', 105.25, 109.25)
1039	('2010', 109.25, 113.25)
1039	('2010', 113.25, 117.25)
1039	('2010', 129.79, 132.27)
1039	('2010', 184.3, 188.3)
1039	('2010', 188.3, 192.3)
1039	('2010', 192.3, 196.3)
1039	('2010', 196.3, 200.3)
1039	('2010', 200.3, 204.3)
1039	('2010', 204.3, 208.3)
1039	('2010', 226.26, 228.63)
1039	('2010', 237.8, 240.88)
1039	('2010', 267.76, 274.14)
1039	('2038', 5.78, 9.780000000000001)
1039	('2038', 9.780000000000001, 13.780000000000001)
1039	('2038', 23.28, 27.28)
1039	('2038', 27.28, 31.28)
1039	('2038', 31.28, 35.28)
1039	('2038', 35.28, 39.28)
1039	('2038', 39.28, 43.28)
1039	('2038', 132.74, 136.74)
1039	('2038', 136.74, 140.74)
1039	('2038', 140.74, 144.74)
1039	('2038', 144.74, 148.74)
1039	('2038', 148.74, 152.74)
1039	('2038', 152.74, 156.74)
1039	('2038', 156.74, 160.74)
1039	('2038', 160.74, 164.74)
1039	('2038', 164.74, 168.74)
1039	('2038', 168.74, 172.74)
1039	('2038', 172.74, 176.74)
1039	('2038', 176.74, 180.74)
1039	('2038', 180.74, 184.74)
1039	('2038', 184.74, 188.74)
1039	('2038', 188.74, 192.74)
1039	('2038', 192.74, 196.74)
1039	('2038', 196.74, 200.74)
1039	('2038', 200.74, 204.74)
1039	('2038', 204.74, 208.74)
1039	('2038', 208.74, 212.74)
1039	('2038', 278.78, 282.8)
1039	('2038', 307.58, 311.58)
1039	('2038', 311.58, 315.58)
1039	('2038', 315.58, 319.58)
1039	('2038', 319.58, 323.58)
1039	('2038', 323.58, 327.58)
1039	('2038', 327.58, 331.58)
1039	('2038', 331.58, 335.58)
1039	('2038', 335.58, 339.58)
1039	('2038', 339.58, 343.58)
1039	('2038', 343.58, 347.58)
1039	('2038', 347.58, 351.58)
1039	('2038', 374.04, 380.56)
1039	('2038', 407.4, 411.4)
1039	('2038', 411.4, 415.4)
1039	('2038', 503.74, 506.72)
1039	('2038', 512.02, 516.02)
1039	('2038', 516.02, 520.02)
1039	('2038', 536.06, 539.42)
1039	('2038', 544.42, 549.69)
1039	('2038', 551.06, 555.06)
1039	('2038', 555.06, 559.06)
1039	('2038', 559.06, 563.06)
1039	('2038', 563.06, 567.06)
1119	('2012', 80.3, 82.8)
1119	('2012', 98.46, 102.32)
1119	('2012', 105.64, 109.64)
1119	('2012', 109.64, 113.64)
1119	('2012', 120.48, 124.48)
1119	('2012', 124.48, 128.48000000000002)
1119	('2012', 128.48000000000002, 132.48000000000002)
1119	('2012', 172.64, 176.64)
1119	('2012', 176.64, 180.64)
1119	('2012', 180.64, 184.64)
1119	('2012', 184.64, 188.64)
1119	('2012', 188.64, 192.64)
1119	('2012', 192.64, 196.64)
1119	('2012', 203.54, 210.24)
1119	('2012', 273.74, 277.12)
1119	('2012', 319.44, 323.44)
1119	('2012', 323.44, 327.44)
1119	('2012', 327.44, 331.44)
1119	('2012', 344.16, 348.16)
1119	('2012', 348.16, 352.16)
1119	('2012', 352.16, 356.16)
1119	('2012', 356.16, 360.16)
1119	('2012', 377.32, 381.32)
1119	('2012', 381.32, 385.32)
1119	('2012', 385.32, 389.32)
1119	('2012', 389.32, 393.32)
1119	('2012', 393.32, 397.32)
1119	('2012', 403.62, 407.62)
1119	('2012', 407.62, 411.62)
1119	('2012', 419.5, 423.54)
1119	('2012', 426.9, 430.96)
1119	('2012', 431.88, 435.88)
1119	('2012', 435.88, 439.88)
1119	('2012', 444.74, 447.06)
1119	('2012', 448.46, 454.4)
1119	('2012', 456.36, 460.36)
1119	('2012', 460.36, 464.36)
1119	('2012', 464.36, 468.36)
1119	('2012', 468.36, 472.36)
1119	('2012', 472.36, 476.36)
1119	('2012', 476.36, 480.36)
1119	('2012', 506.26, 510.26)
1119	('2012', 510.26, 514.26)
1119	('2012', 514.26, 518.26)
1119	('2012', 518.26, 522.26)
1119	('2012', 522.26, 526.26)
1119	('2012', 532.88, 536.88)
1119	('2012', 541.16, 549.12)
1119	('2012', 562.1, 566.1)
1119	('2012', 566.1, 570.1)
1119	('2012', 570.1, 574.1)
1119	('2012', 574.1, 578.1)
1119	('2040', 1.96, 5.96)
1119	('2040', 55.54, 59.54)
1119	('2040', 59.54, 63.54)
1119	('2040', 63.54, 67.53999999999999)
1119	('2040', 67.53999999999999, 71.53999999999999)
1119	('2040', 71.53999999999999, 75.53999999999999)
1119	('2040', 75.53999999999999, 79.53999999999999)
1119	('2040', 79.53999999999999, 83.53999999999999)
1119	('2040', 83.53999999999999, 87.53999999999999)
1119	('2040', 87.53999999999999, 91.53999999999999)
1119	('2040', 91.53999999999999, 95.53999999999999)
1119	('2040', 101.36, 105.36)
1119	('2040', 105.36, 109.36)
1119	('2040', 109.36, 113.36)
1119	('2040', 113.36, 117.36)
1119	('2040', 117.36, 121.36)
1119	('2040', 121.36, 125.36)
1119	('2040', 143.14, 147.14)
1119	('2040', 147.14, 151.14)
1119	('2040', 151.14, 155.14)
1119	('2040', 155.14, 159.14)
1119	('2040', 159.14, 163.14)
1119	('2040', 163.14, 167.14)
1119	('2040', 167.14, 171.14)
1119	('2040', 178.06, 182.06)
1119	('2040', 182.06, 186.06)
1119	('2040', 186.06, 190.06)
1119	('2040', 300.16, 304.16)
1119	('2040', 304.16, 308.16)
1119	('2040', 308.16, 312.16)
1119	('2040', 312.16, 316.16)
1119	('2040', 316.16, 320.16)
1119	('2040', 320.16, 324.16)
1119	('2040', 329.28, 332.0)
1119	('2040', 382.82, 386.82)
1119	('2040', 386.82, 390.82)
1119	('2040', 390.82, 394.82)
1119	('2040', 394.82, 398.82)
1119	('2040', 398.82, 402.82)
1119	('2040', 402.82, 406.82)
1119	('2040', 406.82, 410.82)
1119	('2040', 410.82, 414.82)
1119	('2040', 428.26, 431.98)
1119	('2040', 450.64, 454.64)
1119	('2040', 527.52, 531.52)
1119	('2040', 531.52, 535.52)
1119	('2040', 535.52, 539.52)
1119	('2040', 539.52, 543.52)
1119	('2040', 543.52, 547.52)
1119	('2040', 555.6, 558.46)
1119	('2040', 573.98, 576.28)
1119	('2040', 580.72, 583.5)
1119	('2040', 586.44, 588.56)
1033	('2056', 15.03, 17.27)
1033	('2056', 89.16, 93.16)
1033	('2056', 129.66, 133.66)
1033	('2056', 133.66, 137.66)
1033	('2056', 137.66, 141.66)
1033	('2056', 141.66, 145.66)
1033	('2056', 153.3, 160.85)
1033	('2056', 188.11, 190.92)
1033	('2056', 193.01, 197.01)
1033	('2056', 197.01, 201.01)
1033	('2056', 208.71, 211.12)
1033	('2056', 236.21, 241.13)
1033	('2056', 286.02, 290.02)
1033	('2056', 290.02, 294.02)
1033	('2056', 294.02, 298.02)
1033	('2056', 298.02, 302.02)
1033	('2056', 302.02, 306.02)
1033	('2056', 313.84, 316.3)
1033	('2056', 317.78, 322.06)
1033	('2023', 6.36, 11.26)
1033	('2023', 51.35, 55.35)
1033	('2023', 55.35, 59.35)
1033	('2023', 72.94, 77.33)
1033	('2023', 99.1, 105.93)
1033	('2023', 107.0, 112.45)
1033	('2023', 114.62, 118.62)
1033	('2023', 130.82, 134.82)
1033	('2023', 134.82, 138.82)
1033	('2023', 154.04, 160.22)
1033	('2023', 166.14, 170.14)
1033	('2023', 179.72, 182.26)
1033	('2023', 183.1, 185.14)
1033	('2023', 192.46, 196.46)
1033	('2023', 209.91, 214.08)
1033	('2023', 236.11, 240.11)
1033	('2023', 256.38, 260.38)
1033	('2023', 260.38, 264.38)
1033	('2023', 296.43, 298.73)
1033	('2023', 307.97, 311.97)
1033	('2023', 335.71, 339.71)
1033	('2023', 339.71, 343.71)
1033	('2023', 343.71, 347.71)
1033	('2023', 354.12, 359.21)
1033	('2023', 384.76, 386.9)
1033	('2023', 407.0, 411.12)
1033	('2023', 419.31, 421.88)
1033	('2023', 432.99, 438.54)
1033	('2023', 448.55, 454.98)
1033	('2023', 456.95, 460.95)
1033	('2023', 468.8, 472.8)
1033	('2023', 503.34, 507.34)
1033	('2023', 589.08, 591.44)
1033	('2045', 6.8, 10.8)
1033	('2045', 10.8, 14.8)
1033	('2045', 25.46, 29.46)
1033	('2045', 100.32, 107.82)
1033	('2045', 126.7, 128.82)
1033	('2045', 152.06, 155.26)
1033	('2045', 160.86, 163.4)
1033	('2045', 177.56, 181.56)
1033	('2045', 197.26, 202.64)
1033	('2045', 207.64, 211.26)
1033	('2045', 215.89, 219.32)
1033	('2045', 252.57, 255.33)
1033	('2045', 288.55, 293.75)
1033	('2045', 325.07, 329.07)
1033	('2045', 329.07, 333.07)
1033	('2045', 393.51, 395.73)
1016	('2071', 1.54, 5.42)
1016	('2071', 42.99, 46.99)
1016	('2071', 55.69, 60.82)
1016	('2071', 98.21, 102.21)
1016	('2071', 102.21, 106.21)
1016	('2071', 112.09, 116.09)
1016	('2071', 123.79, 131.55)
1016	('2071', 131.85, 135.95)
1016	('2071', 140.19, 143.81)
1016	('2071', 145.47, 147.85)
1016	('2071', 156.32, 160.32)
1016	('2071', 160.32, 164.32)
1016	('2071', 164.32, 168.32)
1016	('2071', 176.34, 179.41)
1016	('2071', 214.62, 220.87)
1016	('2071', 234.63, 238.63)
1016	('2071', 244.93, 252.83)
1016	('2071', 254.51, 257.29)
1016	('2071', 298.17, 302.17)
1016	('2024', 7.28, 11.280000000000001)
1016	('2024', 19.43, 23.43)
1016	('2024', 23.43, 27.43)
1016	('2024', 44.67, 48.67)
1016	('2024', 48.67, 52.67)
1016	('2024', 52.67, 56.67)
1016	('2024', 56.67, 60.67)
1016	('2024', 60.67, 64.67)
1016	('2024', 64.67, 68.67)
1016	('2024', 68.67, 72.67)
1016	('2024', 78.37, 82.37)
1016	('2024', 125.99, 129.99)
1016	('2024', 129.99, 133.99)
1016	('2024', 149.33, 153.33)
1016	('2024', 153.33, 157.33)
1016	('2024', 157.33, 161.33)
1016	('2024', 161.33, 165.33)
1016	('2024', 165.33, 169.33)
1016	('2024', 173.61, 180.28)
1016	('2024', 180.47, 184.47)
1016	('2024', 190.91, 194.91)
1016	('2024', 194.91, 198.91)
1016	('2024', 198.91, 202.91)
1016	('2024', 260.68, 265.46)
1016	('2024', 267.88, 275.82)
1016	('2024', 290.6, 294.6)
1016	('2024', 294.6, 298.6)
1016	('2024', 298.6, 302.6)
1016	('2024', 302.6, 306.6)
1016	('2024', 326.48, 333.64)
1016	('2024', 334.52, 339.78)
1016	('2024', 351.3, 359.14)
1016	('2024', 367.95, 371.95)
1016	('2024', 379.55, 383.26)
1016	('2024', 386.33, 392.51)
1016	('2024', 394.49, 396.94)
1010	('2080', 0.0, 2.32)
1010	('2080', 3.03, 5.2)
1010	('2080', 63.04, 67.03999999999999)
1010	('2080', 67.03999999999999, 71.03999999999999)
1010	('2080', 78.72, 82.97)
1010	('2080', 85.32, 89.32)
1010	('2080', 120.29, 126.84)
1010	('2080', 127.03, 131.03)
1010	('2080', 131.03, 135.03)
1010	('2080', 142.25, 148.48)
1010	('2080', 161.14, 164.78)
1010	('2080', 165.75, 171.32)
1010	('2080', 171.49, 174.44)
1010	('2080', 175.57, 180.58)
1010	('2080', 180.67, 182.76)
1010	('2080', 206.56, 210.56)
1010	('2080', 242.61, 245.72)
1010	('2080', 246.81, 253.04)
1010	('2080', 253.26, 256.72)
1010	('2080', 257.28, 261.28)
1010	('2080', 261.28, 265.28)
1010	('2080', 271.78, 276.08)
1010	('2080', 283.13, 288.18)
1010	('2080', 290.15, 296.2)
1010	('2080', 314.64, 319.26)
1010	('2080', 346.88, 349.82)
1010	('2080', 350.12, 353.1)
1010	('2080', 354.37, 356.76)
1010	('2080', 357.23, 360.26)
1010	('2080', 389.2, 391.39)
1010	('2080', 402.26, 406.23)
1010	('2080', 418.6, 421.29)
1011	('2056', 3.66, 8.11)
1011	('2056', 17.27, 21.15)
1011	('2056', 21.67, 25.67)
1011	('2056', 25.67, 29.67)
1011	('2056', 29.67, 33.67)
1011	('2056', 38.65, 44.73)
1011	('2056', 45.17, 49.17)
1011	('2056', 56.69, 60.48)
1011	('2056', 61.11, 66.34)
1011	('2056', 66.67, 70.67)
1011	('2056', 78.72, 84.74)
1011	('2056', 85.72, 87.84)
1011	('2056', 101.2, 104.9)
1011	('2056', 105.16, 109.16)
1011	('2056', 117.4, 122.27)
1011	('2056', 150.35, 153.3)
1011	('2056', 160.85, 164.85)
1011	('2056', 171.47, 175.47)
1011	('2056', 182.52, 188.11)
1011	('2056', 190.92, 193.01)
1011	('2056', 221.51, 223.63)
1011	('2056', 223.91, 227.91)
1011	('2056', 241.13, 246.19)
1011	('2056', 247.53, 252.33)
1011	('2056', 252.79, 257.47)
1011	('2056', 258.45, 260.48)
1011	('2056', 261.53, 264.34)
1011	('2056', 264.59, 266.62)
1011	('2056', 269.15, 275.16)
1011	('2056', 275.28, 278.38)
1011	('2056', 278.92, 283.02)
1011	('2056', 310.2, 313.84)
1011	('2056', 322.06, 326.66)
1011	('2056', 327.16, 331.16)
1219	('2044', 25.13, 29.13)
1219	('2044', 34.61, 41.48)
1219	('2044', 49.39, 53.39)
1219	('2044', 58.81, 62.81)
1219	('2044', 67.73, 75.26)
1219	('2044', 79.45, 84.26)
1219	('2044', 84.81, 89.74)
1219	('2044', 90.43, 94.43)
1219	('2044', 94.43, 98.43)
1219	('2044', 106.41, 110.38)
1219	('2044', 110.93, 114.82)
1219	('2044', 115.11, 121.84)
1219	('2044', 190.88, 193.34)
1219	('2044', 210.74, 217.6)
1219	('2044', 218.02, 221.94)
1219	('2044', 222.18, 226.38)
1219	('2044', 226.74, 230.74)
1219	('2044', 230.74, 234.74)
1219	('2044', 242.24, 247.44)
1219	('2044', 290.52, 294.47)
1219	('2044', 299.86, 305.07)
1219	('2044', 338.42, 340.46)
1219	('2044', 340.56, 347.14)
1219	('2044', 380.28, 387.18)
1219	('2044', 387.36, 391.3)
1219	('2044', 417.85, 425.45)
1219	('2044', 462.59, 465.2)
1219	('2044', 476.71, 481.47)
1219	('2044', 481.83, 485.83)
1219	('2044', 511.15, 517.53)
1219	('2044', 542.89, 546.89)
1219	('2044', 554.63, 558.26)
1219	('2044', 558.33, 563.7)
1013	('2053', 3.11, 7.72)
1013	('2053', 20.13, 22.32)
1013	('2053', 31.25, 36.26)
1013	('2053', 41.03, 45.0)
1013	('2053', 48.27, 52.34)
1013	('2053', 70.12, 73.41)
1013	('2053', 74.84, 80.33)
1013	('2053', 87.34, 91.34)
1013	('2053', 91.34, 95.34)
1013	('2053', 114.63, 118.63)
1013	('2053', 124.01, 126.42)
1013	('2053', 138.81, 144.4)
1013	('2053', 144.83, 148.83)
1013	('2053', 165.66, 171.05)
1013	('2053', 173.06, 175.47)
1013	('2053', 181.66, 185.85)
1013	('2053', 186.94, 190.51)
1013	('2053', 191.1, 194.31)
1013	('2053', 202.56, 208.55)
1013	('2053', 210.28, 213.15)
1013	('2053', 218.84, 221.19)
1013	('2053', 222.74, 227.77)
1013	('2053', 234.76, 238.76)
1013	('2053', 269.86, 277.63)
1013	('2053', 284.15, 288.63)
1013	('2053', 305.77, 309.77)
1013	('2053', 309.77, 313.77)
1013	('2053', 333.17, 339.96)
1013	('2053', 340.31, 344.66)
1013	('2053', 344.87, 347.12)
1013	('2053', 350.35, 354.22)
1013	('2036', 4.43, 8.72)
1013	('2036', 9.51, 12.91)
1013	('2036', 13.77, 17.77)
1013	('2036', 17.77, 21.77)
1013	('2036', 29.92, 37.2)
1013	('2036', 50.24, 54.24)
1013	('2036', 58.89, 65.35)
1013	('2036', 66.86, 70.86)
1013	('2036', 100.04, 104.89)
1013	('2036', 115.76, 121.13)
1013	('2036', 121.4, 125.4)
1013	('2036', 144.78, 150.11)
1013	('2036', 156.94, 163.31)
1013	('2036', 164.66, 170.69)
1013	('2036', 175.74, 178.31)
1013	('2036', 178.46, 182.46)
1013	('2036', 190.22, 193.97)
1013	('2036', 198.2, 200.67)
1013	('2036', 211.06, 214.71)
1013	('2036', 217.6, 222.59)
1013	('2036', 232.34, 240.27)
1013	('2036', 240.4, 244.41)
1013	('2036', 249.34, 253.34)
1013	('2036', 266.3, 270.3)
1013	('2036', 286.56, 289.37)
1013	('2036', 292.66, 295.52)
1013	('2036', 298.94, 303.28)
1013	('2071', 5.42, 9.42)
1013	('2071', 9.42, 13.42)
1013	('2071', 13.42, 17.42)
1013	('2071', 17.42, 21.42)
1013	('2071', 29.52, 36.89)
1013	('2071', 38.24, 42.99)
1013	('2071', 60.82, 67.69)
1013	('2071', 76.01, 80.01)
1013	('2071', 80.01, 84.01)
1013	('2071', 90.87, 98.21)
1013	('2071', 147.85, 151.85)
1013	('2071', 182.23, 186.23)
1013	('2071', 192.49, 199.06)
1013	('2071', 199.29, 203.29)
1013	('2071', 210.67, 214.62)
1013	('2071', 220.87, 228.21)
1013	('2071', 228.15, 234.63)
1013	('2071', 257.29, 261.29)
1013	('2071', 261.29, 265.29)
1013	('2071', 265.29, 269.29)
1013	('2071', 269.29, 273.29)
1013	('2071', 273.29, 277.29)
1013	('2071', 282.35, 286.05)
1013	('2071', 287.05, 291.37)
1013	('2071', 295.95, 298.17)
1013	('2071', 310.07, 317.52)
1013	('2071', 321.11, 326.3)
1013	('2071', 338.57, 340.68)
1176	('2008', 4.16, 8.16)
1176	('2008', 16.44, 20.44)
1176	('2008', 42.72, 46.72)
1176	('2008', 46.72, 50.72)
1176	('2008', 55.41, 59.41)
1176	('2008', 87.29, 92.06)
1176	('2008', 97.29, 102.24)
1176	('2008', 102.31, 104.34)
1176	('2008', 110.37, 113.27)
1176	('2008', 113.3, 119.81)
1176	('2008', 132.24, 136.24)
1176	('2008', 144.02, 148.21)
1176	('2008', 164.6, 169.15)
1176	('2008', 169.68, 174.23)
1176	('2008', 185.96, 188.07)
1176	('2008', 193.2, 197.42)
1176	('2008', 211.72, 214.0)
1176	('2055', 7.95, 12.83)
1176	('2055', 13.49, 16.29)
1176	('2055', 20.01, 23.57)
1176	('2055', 24.17, 28.67)
1176	('2055', 37.82, 42.75)
1176	('2055', 60.9, 64.85)
1176	('2055', 69.64, 75.11)
1176	('2055', 77.14, 79.77)
1176	('2055', 86.62, 92.37)
1176	('2055', 93.38, 97.76)
1176	('2055', 117.98, 120.21)
1176	('2055', 121.0, 124.2)
1176	('2055', 135.18, 138.62)
1176	('2055', 139.58, 143.19)
1176	('2055', 153.26, 157.26)
1176	('2055', 166.68, 172.24)
1176	('2055', 172.45, 175.6)
1176	('2055', 178.47, 181.0)
1176	('2055', 185.27, 188.56)
1176	('2055', 198.55, 202.55)
1176	('2055', 202.55, 206.55)
1176	('2055', 220.64, 225.67)
1176	('2055', 226.38, 229.72)
1176	('2055', 231.66, 235.88)
1176	('2055', 236.24, 240.28)
1176	('2035', 11.01, 16.75)
1176	('2035', 16.99, 20.99)
1176	('2035', 33.48, 37.48)
1176	('2035', 43.08, 45.38)
1176	('2035', 46.62, 50.62)
1176	('2035', 57.61, 61.61)
1176	('2035', 61.61, 65.61)
1176	('2035', 65.61, 69.61)
1176	('2035', 78.87, 81.4)
1176	('2035', 84.81, 88.81)
1176	('2035', 105.28, 109.28)
1176	('2035', 115.0, 119.0)
1176	('2035', 124.51, 128.51)
1176	('2035', 128.51, 132.51)
1176	('2035', 132.51, 136.51)
1176	('2035', 142.03, 147.91)
1176	('2035', 168.02, 172.17)
1176	('2035', 181.54, 185.54)
1176	('2035', 185.54, 189.54)
1176	('2035', 197.73, 205.23)
1176	('2035', 207.91, 213.21)
1176	('2035', 214.59, 222.43)
1176	('2035', 223.43, 226.31)
1176	('2035', 226.91, 230.71)
1176	('2035', 232.94, 239.21)
1176	('2035', 247.54, 252.12)
1176	('2035', 252.46, 256.46000000000004)
1176	('2035', 256.46000000000004, 260.46000000000004)
1176	('2035', 267.99, 275.91)
1176	('2035', 285.3, 292.85)
1176	('2020', 2.47, 9.94)
1176	('2020', 37.07, 43.36)
1176	('2020', 44.27, 50.76)
1176	('2020', 51.59, 55.59)
1176	('2020', 55.59, 59.59)
1176	('2020', 59.59, 63.59)
1176	('2020', 69.08, 73.08)
1176	('2020', 73.08, 77.08)
1176	('2020', 77.08, 81.08)
1176	('2020', 86.2, 89.59)
1176	('2020', 93.42, 97.42)
1176	('2020', 103.27, 106.08)
1176	('2020', 106.51, 110.51)
1176	('2020', 110.51, 114.51)
1176	('2020', 123.41, 126.7)
1176	('2020', 128.39, 132.39)
1176	('2020', 138.87, 142.87)
1176	('2020', 180.22, 184.22)
1176	('2020', 197.28, 199.77)
1176	('2020', 244.12, 248.12)
1176	('2020', 258.24, 262.24)
1176	('2020', 262.24, 266.24)
1176	('2020', 291.06, 295.42)
1176	('2020', 303.04, 307.04)
1176	('2020', 317.73, 322.72)
1176	('2020', 334.15, 337.74)
1176	('2020', 338.07, 344.36)
1176	('2020', 344.65, 348.65)
1176	('2020', 361.25, 365.53)
1176	('2020', 365.95, 371.11)
1176	('2020', 372.69, 378.67)
1176	('2020', 383.63, 388.28)
1176	('2020', 388.4, 393.82)
1176	('2020', 394.28, 398.28)
1176	('2020', 398.28, 402.28)
1176	('2020', 402.28, 406.28)
1176	('2020', 415.34, 419.34)
1176	('2020', 419.34, 423.34)
1176	('2020', 428.01, 433.96)
1176	('2020', 435.31, 439.31)
1176	('2020', 439.31, 443.31)
1176	('2020', 448.93, 452.93)
1176	('2020', 452.93, 456.93)
1176	('2020', 464.57, 469.03)
1176	('2020', 469.31, 475.15)
1176	('2020', 475.77, 479.77)
1176	('2020', 485.17, 489.17)
1176	('2020', 489.17, 493.17)
1176	('2020', 493.17, 497.17)
1176	('2020', 497.17, 501.17)
1176	('2020', 512.38, 516.38)
1176	('2020', 516.38, 520.38)
1176	('2020', 525.36, 529.36)
1176	('2020', 529.36, 533.36)
1176	('2020', 539.78, 543.78)
1176	('2020', 569.15, 574.99)
1176	('2020', 576.77, 580.77)
1096	('2027', 34.5, 38.5)
1096	('2027', 44.02, 48.02)
1096	('2027', 48.02, 52.02)
1096	('2027', 52.02, 56.02)
1096	('2027', 56.02, 60.02)
1096	('2027', 60.02, 64.02000000000001)
1096	('2027', 64.02000000000001, 68.02000000000001)
1096	('2027', 106.56, 110.56)
1096	('2027', 110.56, 114.56)
1096	('2027', 119.46, 123.46)
1096	('2027', 123.46, 127.46)
1096	('2027', 127.46, 131.45999999999998)
1096	('2027', 131.45999999999998, 135.45999999999998)
1096	('2027', 140.56, 144.3)
1096	('2027', 145.18, 149.18)
1096	('2027', 149.18, 153.18)
1096	('2027', 153.18, 157.18)
1096	('2027', 157.18, 161.18)
1096	('2027', 168.26, 172.26)
1096	('2027', 255.22, 261.96)
1096	('2027', 285.14, 289.46)
1096	('2027', 289.96, 293.96)
1096	('2027', 293.96, 297.96)
1096	('2027', 304.3, 310.56)
1096	('2027', 312.04, 316.28)
1096	('2027', 316.96, 322.26)
1096	('2027', 322.54, 326.54)
1096	('2027', 335.62, 339.62)
1096	('2027', 339.88, 346.92)
1096	('2027', 370.34, 374.34)
1096	('2027', 374.34, 378.34)
1096	('2027', 378.34, 382.34)
1096	('2027', 389.06, 392.0)
1096	('2027', 392.9, 396.9)
1096	('2027', 402.84, 409.84)
1096	('2027', 412.0, 416.76)
1096	('2027', 417.34, 422.8)
1096	('2027', 464.84, 468.84)
1096	('2027', 477.52, 484.64)
1096	('2027', 484.8, 487.0)
1096	('2027', 487.5, 491.5)
1096	('2027', 502.86, 506.86)
1096	('2027', 512.88, 516.88)
1096	('2027', 556.36, 562.1)
1096	('2062', 1.8, 5.92)
1096	('2062', 41.14, 48.86)
1096	('2062', 54.5, 62.03)
1096	('2062', 62.98, 66.97999999999999)
1096	('2062', 66.97999999999999, 70.97999999999999)
1096	('2062', 70.97999999999999, 74.97999999999999)
1096	('2062', 125.47, 131.79)
1096	('2062', 132.39, 138.94)
1096	('2062', 159.35, 165.04)
1096	('2062', 166.01, 169.42)
1096	('2062', 172.23, 174.64)
1096	('2062', 201.95, 204.07)
1096	('2062', 204.63, 207.93)
1096	('2062', 213.51, 217.51)
1096	('2062', 223.69, 229.19)
1096	('2062', 306.73, 309.42)
1096	('2062', 322.17, 325.32)
1096	('2062', 360.29, 364.29)
1096	('2062', 372.29, 374.42)
1096	('2062', 374.57, 377.22)
1096	('2062', 379.47, 383.47)
1096	('2062', 427.83, 431.83)
1096	('2062', 437.91, 441.91)
1096	('2062', 441.91, 445.91)
1096	('2062', 450.81, 456.76)
1096	('2062', 457.39, 460.72)
1096	('2062', 462.07, 464.1)
1096	('2062', 515.61, 519.61)
1096	('2062', 525.75, 529.06)
1096	('2062', 531.39, 535.39)
1096	('2062', 541.33, 544.54)
1096	('2062', 544.75, 548.82)
1096	('2062', 551.77, 555.77)
1096	('2062', 592.56, 595.29)
1138	('2022', 53.26, 57.26)
1138	('2022', 57.26, 61.26)
1138	('2022', 61.26, 65.25999999999999)
1138	('2022', 65.25999999999999, 69.25999999999999)
1138	('2022', 69.25999999999999, 73.25999999999999)
1138	('2022', 73.25999999999999, 77.25999999999999)
1138	('2022', 77.25999999999999, 81.25999999999999)
1138	('2022', 90.27, 96.65)
1138	('2022', 99.73, 103.73)
1138	('2022', 103.73, 107.73)
1138	('2022', 107.73, 111.73)
1138	('2022', 119.27, 125.53)
1138	('2022', 152.29, 156.29)
1138	('2022', 164.91, 168.91)
1138	('2022', 175.69, 181.48)
1138	('2022', 216.05, 220.05)
1138	('2022', 270.88, 274.88)
1138	('2022', 274.88, 278.88)
1138	('2022', 278.88, 282.88)
1138	('2022', 300.14, 304.14)
1138	('2022', 304.14, 308.14)
1138	('2022', 308.14, 312.14)
1093	('2032', 3.12, 7.17)
1093	('2032', 28.2, 31.55)
1093	('2032', 37.58, 40.99)
1093	('2032', 41.88, 44.71)
1093	('2032', 48.8, 52.8)
1093	('2032', 60.38, 63.72)
1093	('2032', 66.24, 70.38)
1093	('2032', 80.96, 83.64)
1093	('2032', 94.58, 97.32)
1093	('2032', 102.7, 106.7)
1093	('2032', 106.7, 110.7)
1093	('2032', 118.98, 125.02)
1093	('2032', 127.72, 130.24)
1093	('2032', 143.1, 146.62)
1093	('2032', 147.46, 151.46)
1093	('2032', 151.46, 155.46)
1093	('2032', 162.94, 167.5)
1093	('2032', 168.06, 170.78)
1093	('2032', 174.84, 177.64)
1093	('2032', 178.62, 180.76)
1093	('2032', 184.22, 188.22)
1093	('2032', 206.76, 213.12)
1093	('2032', 216.56, 220.56)
1093	('2032', 241.3, 244.08)
1093	('2032', 246.92, 250.92)
1093	('2032', 257.46, 261.46)
1093	('2032', 261.46, 265.46)
1093	('2032', 272.04, 276.04)
1093	('2032', 276.04, 280.04)
1093	('2032', 288.92, 291.48)
1093	('2032', 297.58, 302.66)
1093	('2032', 303.02, 305.24)
1093	('2032', 307.76, 310.96)
1093	('2032', 311.32, 315.32)
1093	('2032', 321.06, 325.06)
1093	('2032', 333.58, 339.22)
1093	('2032', 339.86, 344.78)
1093	('2032', 369.08, 371.22)
1093	('2032', 393.28, 401.1)
1093	('2032', 403.76, 407.76)
1093	('2032', 407.76, 411.76)
1093	('2032', 417.2, 421.6)
1093	('2032', 453.54, 457.54)
1093	('2032', 466.48, 471.83)
1093	('2032', 474.12, 479.69)
1093	('2032', 497.86, 500.39)
1133	('2005', 0.82, 4.82)
1133	('2005', 99.14, 103.14)
1133	('2005', 103.14, 107.14)
1133	('2005', 107.14, 111.14)
1133	('2005', 117.89, 120.96)
1133	('2005', 121.85, 127.52)
1133	('2005', 128.97, 132.97)
1133	('2005', 137.35, 140.58)
1133	('2005', 145.77, 148.44)
1133	('2005', 148.79, 155.3)
1133	('2005', 156.59, 160.59)
1133	('2005', 168.91, 172.06)
1133	('2005', 174.47, 178.47)
1133	('2005', 194.01, 200.58)
1133	('2005', 201.28, 205.82)
1133	('2005', 206.5, 212.52)
1133	('2005', 218.82, 221.32)
1133	('2005', 222.42, 226.14)
1133	('2005', 226.6, 234.42)
1133	('2005', 283.16, 287.16)
1133	('2005', 295.66, 298.81)
1133	('2005', 301.18, 305.18)
1133	('2005', 313.18, 317.18)
1133	('2005', 326.11, 330.11)
1133	('2005', 330.11, 334.11)
1133	('2005', 349.63, 356.35)
1133	('2005', 369.91, 373.91)
1133	('2005', 381.57, 384.84)
1133	('2005', 386.34, 390.64)
1133	('2005', 397.6, 400.7)
1133	('2005', 404.48, 408.48)
1133	('2005', 430.0, 434.0)
1133	('2005', 434.0, 438.0)
1133	('2005', 438.0, 442.0)
1133	('2005', 442.0, 446.0)
1133	('2005', 459.63, 467.17)
1133	('2005', 472.29, 475.49)
1133	('2005', 485.85, 489.37)
1133	('2064', 0.66, 5.25)
1133	('2064', 13.44, 17.59)
1133	('2064', 17.66, 22.99)
1133	('2064', 36.92, 40.92)
1133	('2064', 40.92, 44.92)
1133	('2064', 44.92, 48.92)
1133	('2064', 48.92, 52.92)
1133	('2064', 84.81, 87.19)
1133	('2064', 95.93, 99.93)
1133	('2064', 105.58, 111.14)
1133	('2064', 126.66, 130.14)
1133	('2064', 146.04, 150.04)
1133	('2064', 159.08, 163.36)
1133	('2064', 194.36, 200.98)
1133	('2064', 201.12, 205.86)
1133	('2064', 209.3, 214.02)
1133	('2064', 214.1, 219.16)
1133	('2064', 235.6, 240.0)
1133	('2064', 251.74, 254.72)
1133	('2064', 276.39, 284.14)
1133	('2064', 306.37, 311.45)
1133	('2064', 317.49, 321.23)
1133	('2064', 324.3, 328.45)
1133	('2064', 332.46, 334.55)
1133	('2064', 339.5, 344.69)
1133	('2064', 347.62, 354.29)
1133	('2064', 354.66, 357.01)
1133	('2064', 360.54, 363.67)
1133	('2064', 368.49, 372.49)
1133	('2064', 378.43, 380.81)
1133	('2064', 380.87, 383.39)
1133	('2064', 384.11, 387.11)
1133	('2064', 387.15, 391.51)
1133	('2064', 394.61, 398.99)
1133	('2064', 404.99, 410.03)
1133	('2064', 411.81, 416.29)
1133	('2064', 416.45, 419.01)
1133	('2064', 422.31, 424.81)
1130	('2040', 11.32, 15.32)
1130	('2040', 15.32, 19.32)
1130	('2040', 19.32, 23.32)
1130	('2040', 23.32, 27.32)
1130	('2040', 27.32, 31.32)
1130	('2040', 31.32, 35.32)
1130	('2040', 35.32, 39.32)
1130	('2040', 39.32, 43.32)
1130	('2040', 43.32, 47.32)
1130	('2040', 47.32, 51.32)
1130	('2040', 131.6, 135.6)
1130	('2040', 194.2, 198.2)
1130	('2040', 205.58, 209.58)
1130	('2040', 209.58, 213.58)
1130	('2040', 213.58, 217.58)
1130	('2040', 217.58, 221.58)
1130	('2040', 221.58, 225.58)
1130	('2040', 225.58, 229.58)
1130	('2040', 229.58, 233.58)
1130	('2040', 233.58, 237.58)
1130	('2040', 237.58, 241.58)
1130	('2040', 241.58, 245.58)
1130	('2040', 245.58, 249.58)
1130	('2040', 249.58, 253.58)
1130	('2040', 253.58, 257.58000000000004)
1130	('2040', 257.58000000000004, 261.58000000000004)
1130	('2040', 261.58000000000004, 265.58000000000004)
1130	('2040', 265.58000000000004, 269.58000000000004)
1130	('2040', 269.58000000000004, 273.58000000000004)
1130	('2040', 273.58000000000004, 277.58000000000004)
1130	('2040', 277.58000000000004, 281.58000000000004)
1130	('2040', 281.58000000000004, 285.58000000000004)
1130	('2040', 285.58000000000004, 289.58000000000004)
1130	('2040', 289.58000000000004, 293.58000000000004)
1130	('2040', 332.0, 334.94)
1130	('2040', 336.64, 340.64)
1130	('2040', 340.64, 344.64)
1130	('2040', 344.64, 348.64)
1130	('2040', 348.64, 352.64)
1130	('2040', 352.64, 356.64)
1130	('2040', 356.64, 360.64)
1130	('2040', 360.64, 364.64)
1130	('2040', 364.64, 368.64)
1130	('2040', 368.64, 372.64)
1130	('2040', 372.64, 376.64)
1130	('2040', 419.32, 423.32)
1130	('2040', 431.98, 435.98)
1130	('2040', 435.98, 439.98)
1130	('2040', 447.86, 450.64)
1130	('2040', 461.88, 465.88)
1130	('2040', 465.88, 469.88)
1130	('2040', 469.88, 473.88)
1130	('2040', 473.88, 477.88)
1130	('2040', 477.88, 481.88)
1130	('2040', 481.88, 485.88)
1130	('2040', 490.22, 494.22)
1130	('2040', 494.22, 498.22)
1130	('2040', 506.12, 510.12)
1130	('2040', 510.12, 514.12)
1130	('2040', 514.12, 518.12)
1130	('2040', 518.12, 522.12)
1130	('2040', 558.46, 561.5)
1130	('2040', 561.76, 567.28)
1130	('2040', 567.98, 573.98)
1130	('2040', 576.28, 580.72)
1130	('2040', 583.5, 586.44)
1151	('2007', 5.3, 12.64)
1151	('2007', 27.44, 35.0)
1151	('2007', 39.82, 43.5)
1151	('2007', 66.03, 69.85)
1151	('2007', 73.97, 77.35)
1151	('2007', 77.73, 84.23)
1151	('2007', 108.14, 111.11)
1151	('2007', 112.82, 119.57)
1151	('2007', 123.84, 130.59)
1151	('2007', 137.15, 141.15)
1151	('2007', 141.15, 145.15)
1151	('2007', 145.15, 149.15)
1151	('2007', 149.15, 153.15)
1151	('2007', 184.23, 188.23)
1151	('2007', 196.57, 202.07)
1151	('2007', 203.69, 209.91)
1151	('2007', 232.59, 234.61)
1151	('2007', 278.41, 285.09)
1151	('2007', 290.72, 294.72)
1151	('2007', 299.36, 304.66)
1151	('2007', 304.68, 307.4)
1151	('2007', 308.42, 315.74)
1151	('2007', 316.48, 319.72)
1151	('2007', 320.6, 324.6)
1151	('2007', 334.88, 338.3)
1151	('2007', 354.04, 358.04)
1151	('2007', 358.04, 362.04)
1151	('2007', 406.98, 411.96)
1151	('2007', 413.3, 415.32)
1151	('2007', 437.11, 442.3)
1151	('2007', 445.07, 450.94)
1151	('2007', 512.19, 516.64)
1151	('2007', 534.08, 538.08)
1151	('2007', 538.08, 542.08)
1151	('2007', 549.54, 553.54)
1151	('2007', 553.54, 557.54)
1151	('2007', 577.84, 582.75)
1151	('2007', 583.54, 587.54)
1027	('2078', 2.18, 6.18)
1027	('2078', 20.06, 23.48)
1027	('2078', 42.31, 45.28)
1027	('2078', 48.33, 51.39)
1027	('2078', 51.7, 58.55)
1027	('2078', 59.4, 61.91)
1027	('2078', 77.6, 79.71)
1027	('2078', 99.79, 102.81)
1027	('2078', 112.21, 115.95)
1027	('2078', 142.81, 148.71)
1027	('2078', 181.44, 184.15)
1027	('2078', 186.6, 190.6)
1027	('2078', 205.54, 207.55)
1027	('2078', 210.69, 212.73)
1027	('2078', 218.65, 220.85)
1027	('2078', 221.45, 223.68)
1027	('2078', 229.09, 236.46)
1027	('2078', 247.18, 249.28)
1027	('2078', 254.06, 258.54)
1027	('2078', 267.86, 270.62)
1027	('2078', 275.96, 279.96)
1027	('2078', 284.97, 289.73)
1027	('2078', 314.34, 317.74)
1027	('2078', 324.26, 328.26)
1027	('2078', 336.26, 340.66)
1027	('2078', 357.97, 360.34)
1027	('2078', 360.85, 364.85)
1027	('2078', 371.94, 377.68)
1027	('2078', 378.12, 380.36)
1027	('2078', 382.64, 385.82)
1027	('2078', 386.49, 388.53)
1027	('2078', 402.28, 405.52)
1027	('2078', 408.35, 410.96)
1027	('2078', 411.13, 414.5)
1027	('2078', 444.43, 446.92)
1027	('2078', 470.58, 473.02)
1027	('2078', 492.96, 496.54)
1027	('2078', 502.45, 504.54)
1027	('2078', 508.53, 510.54)
1027	('2078', 516.03, 519.74)
1027	('2078', 545.92, 548.72)
1027	('2078', 551.28, 554.68)
1027	('2078', 555.7, 558.22)
1027	('2078', 559.3, 566.78)
1027	('2078', 569.97, 572.22)
1027	('2078', 575.67, 578.76)
1027	('2078', 581.27, 585.78)
1027	('2078', 593.61, 595.8)
1027	('2010', 27.01, 29.97)
1027	('2010', 37.51, 39.79)
1027	('2010', 40.43, 46.55)
1027	('2010', 47.4, 51.53)
1027	('2010', 65.03, 71.43)
1027	('2010', 75.62, 81.71)
1027	('2010', 99.03, 105.25)
1027	('2010', 125.04, 127.17)
1027	('2010', 132.27, 137.65)
1027	('2010', 138.58, 142.58)
1027	('2010', 142.58, 146.58)
1027	('2010', 146.58, 150.58)
1027	('2010', 166.11, 170.11)
1027	('2010', 170.11, 174.11)
1027	('2010', 174.11, 178.11)
1027	('2010', 221.74, 226.26)
1027	('2010', 228.63, 230.94)
1027	('2010', 240.88, 244.28)
1027	('2010', 244.58, 250.06)
1027	('2010', 254.72, 262.56)
1027	('2010', 262.71, 267.76)
1179	('2041', 1.96, 5.98)
1179	('2041', 45.98, 49.98)
1179	('2041', 49.98, 53.98)
1179	('2041', 53.98, 57.98)
1179	('2041', 88.63, 91.93)
1179	('2041', 127.37, 132.55)
1179	('2041', 165.41, 170.01)
1179	('2041', 202.85, 205.03)
1179	('2041', 227.57, 231.57)
1179	('2041', 231.57, 235.57)
1179	('2041', 235.57, 239.57)
1179	('2041', 239.57, 243.57)
1179	('2041', 243.57, 247.57)
1179	('2041', 247.57, 251.57)
1179	('2041', 257.63, 265.05)
1179	('2041', 296.93, 300.93)
1179	('2041', 300.93, 304.93)
1179	('2041', 304.93, 308.93)
1179	('2041', 313.82, 317.82)
1179	('2041', 317.82, 321.82)
1179	('2041', 321.82, 325.82)
1179	('2041', 325.82, 329.82)
1179	('2041', 329.82, 333.82)
1179	('2041', 333.82, 337.82)
1179	('2041', 342.24, 344.78)
1179	('2041', 359.18, 363.18)
1179	('2041', 383.89, 387.89)
1179	('2041', 387.89, 391.89)
1179	('2041', 391.89, 395.89)
1179	('2041', 395.89, 399.89)
1179	('2041', 399.89, 403.89)
1179	('2041', 403.89, 407.89)
1179	('2041', 407.89, 411.89)
1179	('2041', 418.04, 422.04)
1179	('2041', 479.24, 483.24)
1179	('2041', 483.24, 487.24)
1179	('2041', 487.24, 491.24)
1179	('2041', 514.17, 516.44)
1179	('2041', 517.37, 520.82)
1179	('2041', 540.17, 544.55)
1179	('2041', 545.77, 548.49)
1152	('2039', 19.94, 23.26)
1152	('2039', 24.34, 32.24)
1152	('2039', 33.18, 37.62)
1152	('2039', 64.46, 68.46)
1152	('2039', 74.78, 78.78)
1152	('2039', 78.78, 82.78)
1152	('2039', 82.78, 86.78)
1152	('2039', 104.86, 110.26)
1152	('2039', 110.98, 114.98)
1152	('2039', 133.82, 137.43)
1152	('2039', 137.62, 142.93)
1152	('2039', 149.96, 153.79)
1152	('2039', 155.4, 162.35)
1152	('2039', 176.54, 180.54)
1152	('2039', 180.54, 184.54)
1152	('2039', 197.36, 205.11)
1152	('2039', 205.14, 209.14)
1152	('2039', 216.28, 219.69)
1152	('2039', 254.24, 259.97)
1152	('2039', 260.1, 265.51)
1152	('2039', 265.68, 270.85)
1152	('2039', 284.62, 288.39)
1152	('2039', 298.22, 300.37)
1152	('2039', 303.0, 305.13)
1152	('2039', 311.14, 317.31)
1152	('2039', 317.74, 322.13)
1152	('2039', 322.24, 326.24)
1152	('2039', 331.4, 334.78)
1152	('2039', 335.32, 337.52)
1152	('2039', 354.88, 358.38)
1152	('2039', 358.76, 362.76)
1152	('2039', 362.76, 366.76)
1152	('2039', 366.76, 370.76)
1152	('2039', 370.76, 374.76)
1152	('2039', 374.76, 378.76)
1152	('2039', 378.76, 382.76)
1152	('2039', 382.76, 386.76)
1152	('2039', 386.76, 390.76)
1152	('2039', 399.46, 404.98)
1152	('2039', 406.1, 410.1)
1152	('2039', 410.1, 414.1)
1152	('2039', 414.1, 418.1)
1152	('2039', 418.1, 422.1)
1152	('2039', 430.0, 434.0)
1152	('2039', 442.04, 448.78)
1152	('2039', 449.2, 453.2)
1152	('2039', 461.1, 467.34)
1152	('2039', 470.18, 476.2)
1152	('2039', 477.44, 481.54)
1152	('2039', 483.38, 485.76)
1152	('2060', 1.45, 6.16)
1152	('2060', 6.87, 10.870000000000001)
1152	('2060', 18.13, 21.94)
1152	('2060', 37.59, 41.59)
1152	('2060', 134.29, 138.61)
1152	('2060', 139.11, 144.91)
1152	('2060', 146.31, 153.83)
1152	('2060', 153.99, 157.99)
1152	('2060', 196.29, 198.57)
1152	('2060', 198.89, 203.09)
1152	('2060', 227.47, 232.97)
1152	('2060', 258.65, 266.07)
1152	('2060', 267.35, 270.97)
1152	('2060', 273.31, 277.35)
1152	('2060', 277.81, 284.17)
1152	('2060', 284.77, 288.57)
1152	('2060', 296.65, 300.29)
1152	('2060', 302.85, 305.05)
1152	('2060', 306.27, 310.27)
1135	('2053', 22.32, 28.73)
1135	('2053', 62.15, 70.12)
1135	('2053', 80.33, 85.88)
1135	('2053', 101.1, 105.1)
1135	('2053', 126.42, 134.31)
1135	('2053', 156.73, 160.73)
1135	('2053', 171.05, 173.06)
1135	('2053', 194.31, 197.58)
1135	('2053', 213.15, 217.94)
1135	('2053', 227.77, 234.76)
1135	('2053', 262.07, 269.86)
1135	('2053', 281.71, 284.15)
1135	('2053', 288.63, 292.63)
1135	('2053', 321.74, 325.74)
1135	('2023', 2.4, 5.06)
1135	('2023', 38.1, 44.23)
1135	('2023', 70.61, 72.94)
1135	('2023', 77.33, 83.52)
1135	('2023', 84.31, 87.6)
1135	('2023', 94.57, 99.1)
1135	('2023', 112.45, 114.62)
1135	('2023', 123.51, 130.82)
1135	('2023', 143.54, 147.54)
1135	('2023', 163.96, 166.14)
1135	('2023', 175.7, 179.72)
1135	('2023', 187.24, 192.46)
1135	('2023', 201.22, 205.22)
1135	('2023', 214.08, 218.08)
1135	('2023', 227.36, 231.63)
1135	('2023', 232.38, 236.11)
1135	('2023', 245.39, 249.39)
1135	('2023', 269.13, 272.97)
1135	('2023', 273.49, 277.49)
1135	('2023', 277.49, 281.49)
1135	('2023', 281.49, 285.49)
1135	('2023', 285.49, 289.49)
1135	('2023', 298.73, 302.73)
1135	('2023', 330.55, 335.71)
1135	('2023', 365.43, 369.43)
1135	('2023', 376.71, 379.94)
1135	('2023', 380.8, 384.76)
1135	('2023', 386.9, 394.64)
1135	('2023', 394.96, 402.86)
1135	('2023', 403.78, 407.0)
1135	('2023', 411.12, 415.91)
1135	('2023', 421.88, 425.88)
1135	('2023', 438.54, 443.23)
1135	('2023', 445.02, 447.31)
1135	('2023', 465.65, 468.8)
1135	('2023', 480.71, 484.71)
1135	('2023', 484.71, 488.71)
1135	('2023', 496.83, 503.34)
1135	('2023', 533.05, 540.91)
1135	('2023', 541.99, 548.91)
1135	('2023', 549.27, 553.27)
1135	('2023', 553.27, 557.27)
1135	('2023', 565.63, 568.71)
1135	('2023', 570.28, 576.75)
1135	('2023', 586.38, 589.08)
1179b	('2057', 0.0, 2.08)
1179b	('2057', 6.66, 14.33)
1179b	('2057', 57.36, 60.49)
1179b	('2057', 162.5, 165.02)
1179b	('2057', 209.48, 213.34)
1179b	('2057', 249.98, 251.99)
1179b	('2057', 279.51, 283.51)
1179b	('2057', 289.97, 293.97)
1179b	('2057', 399.72, 406.27)
1179b	('2057', 443.37, 450.85)
1179b	('2057', 451.09, 455.09)
1179b	('2057', 455.09, 459.09)
1179b	('2057', 542.41, 544.72)
1179b	('2057', 551.94, 555.94)
1179b	('2057', 555.94, 559.94)
1047	('2073', 54.02, 58.02)
1047	('2073', 58.02, 62.02)
1047	('2073', 69.56, 73.56)
1047	('2073', 73.56, 77.56)
1047	('2073', 77.56, 81.56)
1047	('2073', 81.56, 85.56)
1047	('2073', 136.33, 140.33)
1047	('2073', 146.71, 151.17)
1047	('2073', 151.29, 156.67)
1047	('2073', 168.33, 172.33)
1047	('2073', 178.03, 184.85)
1047	('2073', 185.72, 189.72)
1047	('2073', 189.72, 193.72)
1047	('2073', 193.72, 197.72)
1047	('2073', 197.72, 201.72)
1047	('2073', 201.72, 205.72)
1047	('2073', 242.29, 250.08)
1047	('2073', 286.73, 293.5)
1047	('2073', 298.47, 302.47)
1047	('2073', 308.87, 313.47)
1047	('2073', 346.78, 349.29)
1047	('2073', 413.4, 418.16)
1047	('2073', 423.4, 426.76)
1047	('2073', 426.86, 430.5)
1047	('2073', 441.84, 445.72)
1047	('2073', 471.34, 476.94)
1153	('2014', 21.48, 25.48)
1153	('2014', 31.98, 35.980000000000004)
1153	('2014', 47.88, 54.15)
1153	('2014', 90.34, 94.34)
1153	('2014', 104.88, 107.83)
1153	('2014', 108.22, 111.25)
1153	('2014', 113.92, 117.33)
1153	('2014', 132.89, 138.79)
1153	('2014', 152.65, 158.53)
1153	('2014', 166.17, 170.17)
1153	('2014', 170.17, 174.17)
1153	('2014', 174.17, 178.17)
1153	('2014', 186.01, 188.17)
1153	('2014', 221.08, 223.43)
1042	('2072', 49.72, 53.82)
1042	('2072', 56.7, 64.66)
1042	('2072', 65.48, 69.48)
1042	('2072', 69.48, 73.48)
1042	('2072', 73.48, 77.48)
1042	('2072', 84.2, 87.06)
1042	('2072', 103.98, 107.46)
1042	('2072', 122.54, 126.54)
1042	('2072', 131.38, 135.92)
1042	('2072', 137.0, 141.66)
1042	('2072', 192.45, 195.95)
1042	('2072', 196.15, 198.95)
1042	('2072', 201.39, 206.71)
1042	('2072', 227.7, 232.61)
1042	('2072', 232.6, 236.39)
1042	('2072', 263.78, 268.59)
1042	('2072', 270.48, 273.95)
1042	('2072', 274.62, 278.29)
1042	('2072', 279.37, 282.65)
1140	('2065', 8.55, 12.55)
1140	('2065', 18.75, 22.75)
1140	('2065', 22.75, 26.75)
1140	('2065', 67.65, 71.65)
1140	('2065', 76.85, 80.85)
1140	('2065', 94.55, 98.76)
1140	('2065', 100.39, 105.9)
1140	('2065', 108.75, 111.39)
1140	('2065', 111.47, 114.65)
1140	('2065', 118.97, 122.97)
1140	('2065', 122.97, 126.97)
1140	('2065', 137.87, 140.29)
1140	('2065', 168.31, 174.71)
1140	('2065', 212.61, 218.33)
1140	('2065', 219.53, 223.59)
1140	('2065', 231.27, 233.79)
1140	('2065', 255.55, 259.55)
1140	('2065', 259.55, 263.55)
1140	('2065', 263.55, 267.55)
1140	('2065', 267.55, 271.55)
1140	('2065', 278.11, 282.01)
1140	('2065', 312.31, 319.55)
1140	('2065', 319.77, 323.77)
1140	('2065', 368.64, 370.95)
1140	('2065', 393.36, 397.36)
1140	('2065', 397.36, 401.36)
1140	('2065', 401.36, 405.36)
1140	('2065', 405.36, 409.36)
1140	('2065', 409.36, 413.36)
1140	('2065', 418.92, 422.92)
1140	('2065', 422.92, 426.92)
1140	('2065', 426.92, 430.92)
1140	('2065', 430.92, 434.92)
1140	('2065', 434.92, 438.92)
1140	('2065', 438.92, 442.92)
1140	('2065', 449.44, 452.98)
1140	('2065', 453.16, 457.16)
1140	('2065', 461.84, 463.98)
1140	('2065', 521.67, 526.48)
1140	('2065', 527.07, 531.07)
1140	('2065', 531.07, 535.07)
1140	('2065', 535.07, 539.07)
1140	('2065', 546.09, 550.09)
1140	('2065', 550.09, 554.09)
1140	('2065', 573.25, 576.96)
1140	('2065', 583.21, 590.22)
1140	('2065', 590.45, 593.66)
1021	('2061', 11.86, 15.62)
1021	('2061', 17.94, 20.4)
1021	('2061', 35.04, 38.7)
1021	('2061', 52.02, 55.62)
1021	('2061', 68.76, 74.46)
1021	('2061', 84.54, 90.3)
1021	('2061', 109.08, 111.88)
1021	('2061', 152.48, 154.9)
1021	('2061', 169.24, 171.3)
1021	('2061', 192.42, 196.14)
1021	('2061', 196.82, 201.0)
1021	('2061', 211.68, 215.68)
1021	('2061', 221.32, 224.44)
1021	('2061', 232.38, 239.44)
1021	('2061', 279.32, 283.08)
1021	('2061', 283.24, 290.82)
1021	('2061', 312.84, 318.5)
1021	('2061', 319.32, 324.62)
1021	('2061', 341.56, 345.56)
1021	('2061', 387.64, 392.66)
1021	('2061', 392.84, 397.52)
1021	('2061', 454.62, 458.2)
1021	('2061', 461.82, 464.22)
1021	('2061', 466.2, 472.92)
1021	('2061', 473.58, 476.6)
1021	('2061', 488.08, 491.52)
1021	('2061', 499.4, 503.9)
1021	('2061', 505.92, 509.92)
1021	('2061', 527.12, 531.12)
1021	('2061', 584.3, 588.58)
1020	('2001', 10.86, 14.86)
1020	('2001', 20.52, 27.9)
1020	('2001', 28.1, 34.4)
1020	('2001', 40.99, 44.99)
1020	('2001', 51.17, 57.66)
1020	('2001', 64.83, 70.3)
1020	('2001', 70.64, 73.84)
1020	('2001', 79.13, 82.0)
1020	('2001', 136.81, 140.06)
1020	('2001', 157.91, 160.58)
1020	('2001', 175.27, 180.62)
1020	('2001', 180.73, 187.86)
1020	('2001', 189.31, 193.18)
1020	('2001', 214.32, 216.58)
1020	('2001', 216.6, 220.94)
1020	('2001', 221.44, 228.74)
1020	('2001', 230.2, 232.54)
1020	('2001', 232.81, 235.1)
1020	('2001', 238.4, 240.43)
1044	('2018', 5.64, 11.17)
1044	('2018', 14.42, 17.8)
1044	('2018', 18.28, 20.82)
1044	('2018', 25.9, 29.58)
1044	('2018', 39.8, 45.56)
1044	('2018', 59.99, 64.76)
1044	('2018', 65.17, 72.44)
1044	('2018', 74.73, 77.42)
1044	('2018', 98.67, 101.4)
1044	('2018', 102.05, 104.96)
1044	('2018', 112.83, 115.96)
1044	('2018', 125.07, 131.63)
1044	('2018', 131.77, 136.45)
1044	('2018', 142.59, 147.89)
1044	('2018', 211.46, 218.04)
1044	('2018', 222.52, 224.58)
1044	('2018', 225.54, 229.12)
1044	('2018', 233.64, 237.8)
1044	('2018', 244.08, 250.4)
1044	('2018', 261.88, 264.88)
1044	('2018', 285.94, 289.92)
1044	('2018', 314.93, 317.58)
1044	('2018', 322.77, 326.77)
1044	('2001', 2.56, 6.5600000000000005)
1044	('2001', 34.4, 39.21)
1044	('2001', 57.66, 64.83)
1044	('2001', 82.0, 87.35)
1044	('2001', 87.68, 91.68)
1044	('2001', 98.73, 101.14)
1044	('2001', 101.51, 104.9)
1044	('2001', 105.41, 110.8)
1044	('2001', 113.13, 117.0)
1044	('2001', 124.6, 132.41)
1044	('2001', 134.18, 136.81)
1044	('2001', 151.54, 154.15)
1044	('2001', 166.56, 170.56)
1044	('2001', 206.22, 210.22)
1044	('2001', 235.1, 238.4)
1044	('2001', 240.43, 242.7)
1044	('2001', 244.43, 247.4)
1061	('2079', 1.14, 4.15)
1061	('2079', 65.25, 69.25)
1061	('2079', 69.25, 73.25)
1061	('2079', 73.25, 77.25)
1061	('2079', 77.25, 81.25)
1061	('2079', 81.25, 85.25)
1061	('2079', 85.25, 89.25)
1061	('2079', 89.25, 93.25)
1061	('2079', 98.01, 103.71)
1061	('2079', 104.27, 108.27)
1061	('2079', 129.29, 134.33)
1061	('2079', 138.15, 142.15)
1061	('2079', 148.75, 152.75)
1061	('2079', 181.92, 185.46)
1061	('2079', 225.7, 229.7)
1061	('2079', 237.96, 242.8)
1061	('2072', 7.38, 11.379999999999999)
1061	('2072', 11.379999999999999, 15.379999999999999)
1061	('2072', 15.379999999999999, 19.38)
1061	('2072', 26.5, 30.5)
1061	('2072', 30.5, 34.5)
1061	('2072', 34.5, 38.5)
1061	('2072', 38.5, 42.5)
1061	('2072', 47.0, 49.72)
1061	('2072', 110.94, 114.94)
1061	('2072', 120.48, 122.54)
1061	('2072', 145.28, 149.28)
1061	('2072', 157.78, 161.78)
1061	('2072', 161.78, 165.78)
1061	('2072', 165.78, 169.78)
1061	('2072', 169.78, 173.78)
1061	('2072', 185.93, 190.27)
1061	('2072', 210.01, 212.08)
1061	('2072', 214.97, 216.98)
1061	('2072', 217.73, 222.52)
1061	('2072', 259.43, 262.88)
1061	('2024', 33.18, 37.18)
1061	('2024', 91.94, 95.94)
1061	('2024', 104.8, 108.8)
1061	('2024', 108.8, 112.8)
1061	('2024', 112.8, 116.8)
1061	('2024', 139.28, 144.91)
1061	('2024', 212.3, 220.16)
1061	('2024', 226.3, 230.3)
1061	('2024', 230.3, 234.3)
1061	('2024', 234.3, 238.3)
1061	('2024', 238.3, 242.3)
1061	('2024', 242.3, 246.3)
1061	('2024', 246.3, 250.3)
1061	('2024', 258.04, 260.68)
1061	('2024', 339.78, 343.78)
1061	('2024', 359.14, 363.87)
1061	('2024', 364.88, 367.95)
1061	('2024', 396.94, 400.47)
1061	('2024', 401.16, 403.27)
1061	('2025', 50.01, 54.01)
1061	('2025', 64.13, 68.13)
1061	('2025', 68.13, 72.13)
1061	('2025', 72.13, 76.13)
1061	('2025', 98.17, 102.17)
1061	('2025', 102.17, 106.17)
1061	('2025', 110.59, 114.81)
1061	('2025', 115.13, 119.13)
1061	('2025', 119.13, 123.13)
1061	('2025', 129.27, 132.63)
1061	('2025', 180.64, 184.64)
1061	('2025', 191.58, 198.35)
1061	('2025', 222.28, 226.28)
1061	('2025', 226.28, 230.28)
1061	('2025', 230.28, 234.28)
1061	('2025', 234.28, 238.28)
1061	('2025', 238.28, 242.28)
1061	('2025', 242.28, 246.28)
1061	('2025', 246.28, 250.28)
1061	('2025', 250.28, 254.28)
1061	('2025', 254.28, 258.28)
1061	('2025', 258.28, 262.28)
1061	('2025', 262.28, 266.28)
1061	('2025', 266.28, 270.28)
1061	('2025', 270.28, 274.28)
1061	('2025', 274.28, 278.28)
1061	('2025', 282.98, 287.71)
1061	('2025', 297.15, 301.01)
1061	('2025', 316.79, 320.53)
1061	('2025', 324.27, 329.63)
1061	('2025', 331.63, 335.77)
1061	('2025', 338.83, 342.39)
1061	('2006', 26.22, 30.22)
1061	('2006', 34.9, 38.9)
1061	('2006', 38.9, 42.9)
1061	('2006', 42.9, 46.9)
1061	('2006', 46.9, 50.9)
1061	('2006', 50.9, 54.9)
1061	('2006', 54.9, 58.9)
1061	('2006', 58.9, 62.9)
1061	('2006', 67.22, 71.22)
1061	('2006', 71.22, 75.22)
1061	('2006', 75.22, 79.22)
1061	('2006', 79.22, 83.22)
1061	('2006', 195.2, 198.52)
1061	('2006', 266.95, 270.95)
1061	('2006', 270.95, 274.95)
1061	('2006', 274.95, 278.95)
1061	('2006', 278.95, 282.95)
1061	('2006', 282.95, 286.95)
1061	('2006', 286.95, 290.95)
1061	('2006', 290.95, 294.95)
1061	('2006', 294.95, 298.95)
1061	('2006', 298.95, 302.95)
1061	('2006', 302.95, 306.95)
1061	('2006', 316.61, 320.81)
1061	('2006', 400.16, 406.46)
1061	('2006', 406.6, 413.26)
1061	('2006', 422.92, 427.44)
1060	('2057', 3.32, 6.66)
1060	('2057', 16.55, 20.55)
1060	('2057', 20.55, 24.55)
1060	('2057', 24.55, 28.55)
1060	('2057', 28.55, 32.55)
1060	('2057', 32.55, 36.55)
1060	('2057', 36.55, 40.55)
1060	('2057', 40.55, 44.55)
1060	('2057', 44.55, 48.55)
1060	('2057', 48.55, 52.55)
1060	('2057', 60.49, 64.49000000000001)
1060	('2057', 64.49000000000001, 68.49000000000001)
1060	('2057', 68.49000000000001, 72.49000000000001)
1060	('2057', 72.49000000000001, 76.49000000000001)
1060	('2057', 99.09, 102.91)
1060	('2057', 110.91, 114.91)
1060	('2057', 114.91, 118.91)
1060	('2057', 118.91, 122.91)
1060	('2057', 122.91, 126.91)
1060	('2057', 126.91, 130.91)
1060	('2057', 130.91, 134.91)
1060	('2057', 134.91, 138.91)
1060	('2057', 165.02, 169.02)
1060	('2057', 169.02, 173.02)
1060	('2057', 173.02, 177.02)
1060	('2057', 177.02, 181.02)
1060	('2057', 189.56, 191.92)
1060	('2057', 192.42, 199.24)
1060	('2057', 199.48, 203.48)
1060	('2057', 213.34, 217.34)
1060	('2057', 217.34, 221.34)
1060	('2057', 221.34, 225.34)
1060	('2057', 225.34, 229.34)
1060	('2057', 229.34, 233.34)
1060	('2057', 233.34, 237.34)
1060	('2057', 245.41, 249.98)
1060	('2057', 298.47, 302.47)
1060	('2057', 302.47, 306.47)
1060	('2057', 306.47, 310.47)
1060	('2057', 318.6, 324.97)
1060	('2057', 340.98, 344.98)
1060	('2057', 390.83, 394.83)
1060	('2057', 406.27, 410.27)
1060	('2057', 410.27, 414.27)
1060	('2057', 414.27, 418.27)
1060	('2057', 418.27, 422.27)
1060	('2057', 430.29, 434.29)
1060	('2057', 490.32, 494.32)
1060	('2057', 494.32, 498.32)
1060	('2057', 498.32, 502.32)
1060	('2057', 502.32, 506.32)
1060	('2057', 506.32, 510.32)
1060	('2057', 510.32, 514.3199999999999)
1060	('2057', 514.3199999999999, 518.3199999999999)
1060	('2057', 518.3199999999999, 522.3199999999999)
1060	('2057', 522.3199999999999, 526.3199999999999)
1060	('2057', 526.3199999999999, 530.3199999999999)
1060	('2057', 536.58, 542.41)
1060	('2057', 544.72, 551.94)
1063	('2036', 0.3, 4.43)
1063	('2036', 38.26, 43.0)
1063	('2036', 43.28, 50.24)
1063	('2036', 76.33, 82.22)
1063	('2036', 85.03, 90.7)
1063	('2036', 90.79, 94.98)
1063	('2036', 95.37, 100.04)
1063	('2036', 104.89, 107.14)
1063	('2036', 109.07, 115.76)
1063	('2036', 129.99, 133.99)
1063	('2036', 150.11, 152.12)
1063	('2036', 170.69, 172.7)
1063	('2036', 172.95, 175.74)
1063	('2036', 187.97, 190.22)
1063	('2036', 200.67, 203.56)
1063	('2036', 204.21, 211.06)
1063	('2036', 214.71, 217.6)
1063	('2036', 258.09, 262.09)
1063	('2036', 278.71, 286.56)
1063	('2036', 295.52, 298.94)
1064	('2025', 2.78, 5.19)
1064	('2025', 5.62, 7.77)
1064	('2025', 8.9, 16.37)
1064	('2025', 17.0, 23.03)
1064	('2025', 24.46, 27.41)
1064	('2025', 28.46, 31.23)
1064	('2025', 32.48, 34.65)
1064	('2025', 35.22, 39.22)
1064	('2025', 39.22, 43.22)
1064	('2025', 84.97, 88.97)
1064	('2025', 96.09, 98.17)
1064	('2025', 127.27, 129.27)
1064	('2025', 132.63, 135.86)
1064	('2025', 136.13, 140.7)
1064	('2025', 161.33, 165.33)
1064	('2025', 165.33, 169.33)
1064	('2025', 169.33, 173.33)
1064	('2025', 198.35, 204.48)
1064	('2025', 205.37, 211.04)
1064	('2025', 212.05, 219.86)
1064	('2025', 301.01, 305.01)
1064	('2025', 312.31, 315.01)
1064	('2025', 322.19, 324.27)
1064	('2025', 335.77, 338.83)
1064	('2065', 1.18, 8.55)
1064	('2065', 31.62, 35.620000000000005)
1064	('2065', 42.52, 46.21)
1064	('2065', 46.76, 53.95)
1064	('2065', 54.1, 58.1)
1064	('2065', 64.74, 67.65)
1064	('2065', 89.42, 93.73)
1064	('2065', 105.9, 108.75)
1064	('2065', 114.65, 117.01)
1064	('2065', 134.03, 137.87)
1064	('2065', 140.29, 146.83)
1064	('2065', 147.09, 151.09)
1064	('2065', 151.09, 155.09)
1064	('2065', 192.95, 196.95)
1064	('2065', 196.95, 200.95)
1064	('2065', 205.97, 209.37)
1064	('2065', 210.31, 212.61)
1064	('2065', 233.79, 238.19)
1064	('2065', 239.73, 243.73)
1064	('2065', 252.71, 255.55)
1064	('2065', 282.01, 287.31)
1064	('2065', 288.41, 296.21)
1064	('2065', 296.45, 300.45)
1064	('2065', 300.45, 304.45)
1064	('2065', 308.95, 312.31)
1064	('2065', 332.83, 336.83)
1064	('2065', 336.83, 340.83)
1064	('2065', 349.03, 353.03)
1064	('2065', 353.03, 357.03)
1064	('2065', 357.03, 361.03)
1064	('2065', 387.52, 391.74)
1064	('2065', 463.98, 468.02)
1064	('2065', 468.56, 472.0)
1064	('2065', 479.2, 481.42)
1064	('2065', 481.58, 485.58)
1064	('2065', 492.0, 496.0)
1064	('2065', 507.7, 511.7)
1064	('2065', 511.7, 515.7)
1064	('2065', 558.1, 562.23)
1064	('2065', 562.38, 566.38)
1064	('2065', 576.96, 579.49)
1064	('2065', 579.86, 582.39)
1107	('2054', 2.48, 6.48)
1107	('2054', 6.48, 10.48)
1107	('2054', 10.48, 14.48)
1107	('2054', 14.48, 18.48)
1107	('2054', 18.48, 22.48)
1107	('2054', 22.48, 26.48)
1107	('2054', 26.48, 30.48)
1107	('2054', 35.75, 38.44)
1107	('2054', 39.21, 43.21)
1107	('2054', 50.29, 54.29)
1107	('2054', 76.5, 79.59)
1107	('2054', 135.95, 138.85)
1107	('2054', 155.17, 159.17)
1107	('2054', 166.41, 170.91)
1107	('2054', 172.49, 176.3)
1107	('2054', 176.61, 180.34)
1107	('2054', 180.69, 184.69)
1107	('2054', 184.69, 188.69)
1107	('2054', 188.69, 192.69)
1107	('2054', 200.22, 205.48)
1107	('2054', 205.98, 213.48)
1107	('2054', 213.64, 216.76)
1107	('2054', 217.34, 223.9)
1107	('2054', 224.46, 228.46)
1107	('2054', 282.01, 289.22)
1107	('2054', 289.45, 295.68)
1107	('2054', 296.59, 304.08)
1107	('2054', 304.27, 309.58)
1107	('2054', 310.06, 313.86)
1107	('2054', 361.8, 369.03)
1107	('2054', 369.26, 372.27)
1107	('2054', 374.62, 378.62)
1107	('2054', 383.9, 387.9)
1107	('2054', 392.19, 395.63)
1107	('2054', 395.85, 399.85)
1107	('2054', 399.85, 403.85)
1107	('2054', 403.85, 407.85)
1107	('2054', 414.19, 419.13)
1107	('2054', 421.81, 426.39)
1107	('2054', 426.73, 429.23)
1107	('2054', 429.65, 433.65)
1107	('2054', 442.51, 447.91)
1107	('2054', 448.21, 452.21)
1107	('2054', 459.12, 461.33)
1107	('2054', 473.06, 475.71)
1107	('2054', 476.94, 480.94)
1107	('2054', 480.94, 484.94)
1107	('2054', 490.36, 492.6)
1107	('2054', 501.1, 504.3)
1107	('2054', 504.56, 508.02)
1107	('2054', 508.38, 512.24)
1107	('2054', 514.36, 517.36)
1107	('2054', 535.59, 538.84)
1107	('2054', 539.33, 542.86)
1107	('2054', 544.73, 548.73)
1107	('2054', 554.67, 560.36)
1107	('2054', 561.42, 565.42)
1107	('2054', 588.64, 591.68)
1107	('2035', 2.92, 6.35)
1107	('2035', 7.1, 11.01)
1107	('2035', 31.09, 33.48)
1107	('2035', 74.44, 77.37)
1107	('2035', 81.4, 84.81)
1107	('2035', 93.81, 95.86)
1107	('2035', 96.07, 100.0)
1107	('2035', 100.45, 102.8)
1107	('2035', 150.97, 154.47)
1107	('2035', 156.37, 159.62)
1107	('2035', 161.35, 168.02)
1107	('2035', 172.17, 177.6)
1107	('2035', 178.49, 181.54)
1107	('2035', 230.71, 232.94)
1107	('2035', 239.21, 242.18)
1107	('2035', 275.91, 279.26)
1107	('2035', 282.45, 285.3)
1107	('2035', 292.85, 297.38)
1107	('2022', 1.32, 5.32)
1107	('2022', 9.79, 13.79)
1107	('2022', 13.79, 17.79)
1107	('2022', 17.79, 21.79)
1107	('2022', 21.79, 25.79)
1107	('2022', 25.79, 29.79)
1107	('2022', 29.79, 33.79)
1107	('2022', 33.79, 37.79)
1107	('2022', 87.05, 90.27)
1107	('2022', 139.64, 142.21)
1107	('2022', 142.88, 145.57)
1107	('2022', 145.78, 147.95)
1107	('2022', 148.42, 150.53)
1107	('2022', 162.44, 164.91)
1107	('2022', 181.48, 185.48)
1107	('2022', 191.84, 195.84)
1107	('2022', 195.84, 199.84)
1107	('2022', 199.84, 203.84)
1107	('2022', 211.9, 216.05)
1107	('2022', 225.12, 229.12)
1107	('2022', 229.12, 233.12)
1107	('2022', 233.12, 237.12)
1107	('2022', 237.12, 241.12)
1107	('2022', 241.12, 245.12)
1107	('2022', 250.67, 254.67)
1107	('2022', 259.13, 265.46)
1107	('2022', 266.25, 270.88)
1107	('2022', 287.69, 291.69)
1107	('2022', 291.69, 295.69)
1107	('2022', 316.53, 321.52)
1107	('2067', 0.0, 2.32)
1107	('2067', 33.98, 36.25)
1107	('2067', 45.7, 49.05)
1107	('2067', 56.18, 58.41)
1107	('2067', 61.52, 66.73)
1107	('2067', 67.46, 69.73)
1107	('2067', 74.8, 80.21)
1107	('2067', 105.72, 109.58)
1107	('2067', 138.12, 142.12)
1107	('2067', 176.42, 180.44)
1107	('2067', 190.66, 193.38)
1107	('2067', 201.12, 203.54)
1107	('2067', 220.0, 224.52)
1107	('2067', 224.98, 228.82)
1102	('2050', 1.06, 5.0600000000000005)
1102	('2050', 11.88, 15.88)
1102	('2050', 25.05, 31.27)
1102	('2050', 32.98, 36.93)
1102	('2050', 37.68, 41.39)
1102	('2050', 76.48, 82.35)
1102	('2050', 113.96, 117.96)
1102	('2050', 122.69, 125.94)
1102	('2050', 147.99, 151.99)
1102	('2050', 151.99, 155.99)
1102	('2050', 161.84, 165.84)
1102	('2050', 173.28, 177.28)
1102	('2050', 185.27, 190.13)
1102	('2050', 192.75, 198.4)
1102	('2050', 198.97, 206.24)
1102	('2050', 209.22, 211.92)
1102	('2050', 238.82, 244.26)
1102	('2050', 244.94, 250.94)
1102	('2050', 252.11, 255.79)
1102	('2050', 268.57, 275.71)
1102	('2050', 276.45, 279.33)
1102	('2050', 280.99, 288.97)
1102	('2050', 289.39, 295.73)
1102	('2050', 323.84, 328.61)
1102	('2050', 328.9, 334.98)
1102	('2050', 335.83, 339.83)
1102	('2050', 348.59, 350.8)
1102	('2050', 376.33, 382.44)
1102	('2050', 389.01, 393.01)
1102	('2050', 398.16, 401.35)
1102	('2050', 422.55, 427.65)
1102	('2050', 427.79, 429.95)
1102	('2050', 437.25, 444.89)
1102	('2050', 447.12, 450.01)
1102	('2050', 450.68, 455.7)
1102	('2050', 492.1, 496.1)
1102	('2050', 496.1, 500.1)
1102	('2050', 507.73, 510.48)
1102	('2050', 510.83, 515.34)
1102	('2050', 537.56, 539.75)
1122	('2015', 24.26, 29.08)
1122	('2015', 54.76, 62.56)
1122	('2015', 71.24, 75.24)
1122	('2015', 75.24, 79.24)
1122	('2015', 86.62, 88.98)
1122	('2015', 114.9, 118.9)
1122	('2015', 118.9, 122.9)
1122	('2015', 122.9, 126.9)
1122	('2015', 126.9, 130.9)
1122	('2015', 155.33, 159.33)
1122	('2015', 159.33, 163.33)
1122	('2015', 163.33, 167.33)
1122	('2015', 167.33, 171.33)
1122	('2015', 171.33, 175.33)
1122	('2015', 175.33, 179.33)
1122	('2015', 179.33, 183.33)
1122	('2015', 183.33, 187.33)
1122	('2015', 187.33, 191.33)
1122	('2015', 191.33, 195.33)
1122	('2015', 195.33, 199.33)
1122	('2015', 199.33, 203.33)
1122	('2015', 203.33, 207.33)
1122	('2015', 231.27, 235.27)
1122	('2015', 235.27, 239.27)
1122	('2015', 239.27, 243.27)
1122	('2015', 243.27, 247.27)
1122	('2015', 247.27, 251.27)
1122	('2015', 251.27, 255.27)
1122	('2015', 255.27, 259.27)
1122	('2015', 259.27, 263.27)
1122	('2015', 263.27, 267.27)
1122	('2015', 331.74, 335.74)
1122	('2015', 342.82, 346.82)
1122	('2015', 346.82, 350.82)
1122	('2015', 350.82, 354.82)
1122	('2015', 354.82, 358.82)
1122	('2015', 358.82, 362.82)
1122	('2015', 362.82, 366.82)
1122	('2015', 384.45, 387.27)
1101	('2039', 1.64, 5.64)
1101	('2039', 5.64, 9.64)
1101	('2039', 37.62, 42.14)
1101	('2039', 42.88, 47.54)
1101	('2039', 48.88, 54.78)
1101	('2039', 55.18, 59.18)
1101	('2039', 98.87, 102.74)
1101	('2039', 127.54, 133.82)
1101	('2039', 144.29, 146.44)
1101	('2039', 162.35, 166.0)
1101	('2039', 167.71, 171.71)
1101	('2039', 213.87, 216.28)
1101	('2039', 233.47, 240.58)
1101	('2039', 240.75, 244.75)
1101	('2039', 270.85, 274.26)
1101	('2039', 275.33, 281.76)
1101	('2039', 282.53, 284.62)
1101	('2039', 288.39, 292.39)
1101	('2039', 300.37, 303.0)
1101	('2039', 306.57, 310.06)
1101	('2039', 337.52, 344.52)
1101	('2039', 346.04, 350.04)
1101	('2028', 1.08, 6.51)
1101	('2028', 34.95, 37.69)
1101	('2028', 54.09, 58.09)
1101	('2028', 58.09, 62.09)
1101	('2028', 62.09, 66.09)
1101	('2028', 66.09, 70.09)
1101	('2028', 78.11, 80.51)
1101	('2028', 183.17, 187.17)
1101	('2028', 187.17, 191.17)
1101	('2028', 207.29, 211.29)
1101	('2028', 247.75, 250.23)
1101	('2028', 251.05, 255.87)
1101	('2028', 272.63, 276.63)
1101	('2028', 288.47, 291.85)
1101	('2028', 338.11, 341.25)
1101	('2028', 341.53, 345.53)
1101	('2028', 376.17, 383.19)
1101	('2028', 384.07, 388.81)
1101	('2028', 389.39, 393.39)
1101	('2028', 433.21, 437.21)
1101	('2028', 437.21, 441.21)
1101	('2028', 441.21, 445.21)
1101	('2028', 445.21, 449.21)
1101	('2028', 459.83, 462.0)
1101	('2028', 469.05, 471.98)
1101	('2028', 472.51, 476.51)
1101	('2028', 476.51, 480.51)
1101	('2028', 480.51, 484.51)
1101	('2028', 492.47, 496.47)
1101	('2028', 548.19, 554.88)
1101	('2028', 555.13, 561.16)
1101	('2028', 562.23, 566.23)
1101	('2028', 566.23, 570.23)
1101	('2028', 570.23, 574.23)
1007	('2054', 0.0, 2.48)
1007	('2054', 63.32, 67.4)
1007	('2054', 68.28, 74.74)
1007	('2054', 79.59, 86.8)
1007	('2054', 86.89, 90.2)
1007	('2054', 90.21, 95.32)
1007	('2054', 98.05, 103.46)
1007	('2054', 103.81, 107.32)
1007	('2054', 111.37, 118.08)
1007	('2054', 118.59, 124.5)
1007	('2054', 127.23, 130.67)
1007	('2054', 131.13, 135.95)
1007	('2054', 138.85, 142.85)
1007	('2054', 150.87, 155.17)
1007	('2054', 237.02, 240.67)
1007	('2054', 242.0, 244.15)
1007	('2054', 244.52, 248.52)
1007	('2054', 248.52, 252.52)
1007	('2054', 257.44, 260.97)
1007	('2054', 261.4, 265.4)
1007	('2054', 269.5, 271.73)
1007	('2054', 272.04, 278.03)
1007	('2054', 278.4, 282.01)
1007	('2054', 313.86, 319.06)
1007	('2054', 319.54, 325.72)
1007	('2054', 325.82, 329.86)
1007	('2054', 337.06, 339.86)
1007	('2054', 342.04, 345.52)
1007	('2054', 372.27, 374.62)
1007	('2054', 419.13, 421.81)
1007	('2054', 438.13, 442.51)
1007	('2054', 464.73, 470.56)
1007	('2054', 470.75, 473.06)
1007	('2054', 493.46, 496.62)
1007	('2054', 497.78, 499.96)
1007	('2054', 512.24, 514.36)
1007	('2054', 518.08, 522.08)
1007	('2054', 528.62, 532.07)
1007	('2054', 573.74, 581.36)
1007	('2054', 581.92, 584.42)
1007	('2054', 584.58, 588.64)
1005	('2044', 1.18, 5.18)
1005	('2044', 5.18, 9.18)
1005	('2044', 9.18, 13.18)
1005	('2044', 13.18, 17.18)
1005	('2044', 41.48, 49.39)
1005	('2044', 75.26, 79.45)
1005	('2044', 121.84, 128.83)
1005	('2044', 129.23, 134.41)
1005	('2044', 163.2, 167.2)
1005	('2044', 167.2, 171.2)
1005	('2044', 171.2, 175.2)
1005	('2044', 175.2, 179.2)
1005	('2044', 179.2, 183.2)
1005	('2044', 193.34, 200.54)
1005	('2044', 201.74, 205.8)
1005	('2044', 260.63, 264.63)
1005	('2044', 264.63, 268.63)
1005	('2044', 268.63, 272.63)
1005	('2044', 272.63, 276.63)
1005	('2044', 276.63, 280.63)
1005	('2044', 287.21, 290.52)
1005	('2044', 294.47, 299.86)
1005	('2044', 306.97, 312.64)
1005	('2044', 313.23, 319.1)
1005	('2044', 321.6, 325.6)
1005	('2044', 325.6, 329.6)
1005	('2044', 347.14, 351.68)
1005	('2044', 351.98, 355.98)
1005	('2044', 355.98, 359.98)
1005	('2044', 368.86, 372.86)
1005	('2044', 391.3, 395.3)
1005	('2044', 414.41, 417.85)
1005	('2044', 429.85, 433.85)
1005	('2044', 433.85, 437.85)
1005	('2044', 437.85, 441.85)
1005	('2044', 448.52, 452.52)
1005	('2044', 452.52, 456.52)
1005	('2044', 465.2, 469.2)
1005	('2044', 493.25, 497.25)
1005	('2044', 497.25, 501.25)
1005	('2044', 501.25, 505.25)
1005	('2044', 517.53, 523.25)
1005	('2044', 523.87, 527.87)
1005	('2044', 527.87, 531.87)
1005	('2044', 531.87, 535.87)
1005	('2044', 573.14, 575.27)
1005	('2044', 575.94, 579.94)
1035	('2027', 13.52, 17.52)
1035	('2027', 17.52, 21.52)
1035	('2027', 21.52, 25.52)
1035	('2027', 25.52, 29.52)
1035	('2027', 75.16, 79.16)
1035	('2027', 86.1, 90.1)
1035	('2027', 90.1, 94.1)
1035	('2027', 183.4, 189.92)
1035	('2027', 205.32, 209.32)
1035	('2027', 209.32, 213.32)
1035	('2027', 213.32, 217.32)
1035	('2027', 217.32, 221.32)
1035	('2027', 225.62, 229.62)
1035	('2027', 235.42, 239.42)
1035	('2027', 245.44, 248.54)
1035	('2027', 248.64, 255.22)
1035	('2027', 264.6, 271.56)
1035	('2027', 279.14, 285.14)
1035	('2027', 331.72, 335.62)
1035	('2027', 358.06, 362.06)
1035	('2027', 362.06, 366.06)
1035	('2027', 409.84, 412.0)
1035	('2027', 427.46, 431.46)
1035	('2027', 431.46, 435.46)
1035	('2027', 435.46, 439.46)
1035	('2027', 439.46, 443.46)
1035	('2027', 443.46, 447.46)
1035	('2027', 447.46, 451.46)
1035	('2027', 451.46, 455.46)
1035	('2027', 455.46, 459.46)
1035	('2027', 523.78, 526.72)
1035	('2027', 548.48, 554.0)
1035	('2027', 564.12, 566.54)
1035	('2006', 17.41, 21.41)
1035	('2006', 90.63, 96.86)
1035	('2006', 97.29, 102.42)
1035	('2006', 102.63, 106.63)
1035	('2006', 113.41, 117.41)
1035	('2006', 117.41, 121.41)
1035	('2006', 125.83, 129.82999999999998)
1035	('2006', 134.49, 137.85)
1035	('2006', 138.05, 142.05)
1035	('2006', 142.05, 146.05)
1035	('2006', 146.05, 150.05)
1035	('2006', 150.05, 154.05)
1035	('2006', 159.77, 163.77)
1035	('2006', 163.77, 167.77)
1035	('2006', 167.77, 171.77)
1035	('2006', 171.77, 175.77)
1035	('2006', 175.77, 179.77)
1035	('2006', 184.14, 189.94)
1035	('2006', 190.38, 195.2)
1035	('2006', 198.52, 202.52)
1035	('2006', 209.99, 217.86)
1035	('2006', 218.27, 222.64)
1035	('2006', 222.81, 226.81)
1035	('2006', 226.81, 230.81)
1035	('2006', 230.81, 234.81)
1035	('2006', 263.61, 266.95)
1035	('2006', 324.15, 328.15)
1035	('2006', 358.13, 362.71)
1035	('2006', 362.79, 366.79)
1035	('2006', 366.79, 370.79)
1035	('2006', 370.79, 374.79)
1035	('2006', 374.79, 378.79)
1035	('2006', 378.79, 382.79)
1035	('2006', 389.1, 395.76)
1035	('2006', 397.72, 400.16)
1035	('2006', 427.44, 432.22)
1112	('2015', 0.26, 4.26)
1112	('2015', 4.26, 8.26)
1112	('2015', 8.26, 12.26)
1112	('2015', 12.26, 16.26)
1112	('2015', 16.26, 20.26)
1112	('2015', 29.08, 33.08)
1112	('2015', 39.26, 46.52)
1112	('2015', 47.92, 54.76)
1112	('2015', 62.56, 66.56)
1112	('2015', 83.84, 86.62)
1112	('2015', 88.98, 92.74)
1112	('2015', 93.2, 97.2)
1112	('2015', 97.2, 101.2)
1112	('2015', 101.2, 105.2)
1112	('2015', 105.2, 109.2)
1112	('2015', 136.59, 140.59)
1112	('2015', 140.59, 144.59)
1112	('2015', 144.59, 148.59)
1112	('2015', 212.55, 216.55)
1112	('2015', 216.55, 220.55)
1112	('2015', 220.55, 224.55)
1112	('2015', 326.78, 329.28)
1112	('2015', 340.16, 342.82)
1000	('2051', 21.34, 27.21)
1000	('2051', 27.96, 30.05)
1000	('2051', 31.6, 34.43)
1000	('2051', 48.1, 52.1)
1000	('2051', 52.1, 56.1)
1000	('2051', 71.95, 78.84)
1000	('2051', 78.94, 83.24)
1000	('2051', 95.36, 99.36)
1000	('2051', 99.36, 103.36)
1000	('2051', 103.36, 107.36)
1000	('2051', 107.36, 111.36)
1000	('2051', 111.36, 115.36)
1000	('2051', 115.36, 119.36)
1000	('2051', 139.75, 143.75)
1000	('2051', 153.26, 157.09)
1000	('2051', 158.3, 162.3)
1000	('2051', 166.98, 170.98)
1000	('2051', 170.98, 174.98)
1000	('2051', 174.98, 178.98)
1000	('2051', 187.83, 191.83)
1000	('2051', 199.93, 206.77)
1000	('2051', 207.77, 211.77)
1000	('2051', 234.99, 241.44)
1000	('2051', 241.56, 245.44)
1000	('2051', 245.44, 248.68)
1000	('2051', 248.66, 252.66)
1000	('2051', 260.42, 264.42)
1000	('2051', 264.42, 268.42)
1000	('2051', 274.9, 278.9)
1000	('2051', 287.93, 291.78)
1000	('2051', 297.49, 302.54)
1000	('2051', 303.79, 307.79)
1000	('2051', 307.79, 311.79)
1000	('2051', 311.79, 315.79)
1000	('2051', 321.96, 325.96)
1000	('2051', 325.96, 329.96)
1000	('2051', 329.96, 333.96)
1000	('2051', 343.75, 347.75)
1000	('2051', 347.75, 351.75)
1000	('2051', 351.75, 355.75)
1000	('2051', 365.74, 369.74)
1000	('2051', 378.86, 381.9)
1000	('2051', 384.95, 388.95)
1000	('2051', 388.95, 392.95)
1000	('2051', 392.95, 396.95)
1000	('2051', 396.95, 400.95)
1000	('2051', 400.95, 404.95)
1000	('2051', 404.95, 408.95)
1000	('2051', 408.95, 412.95)
1000	('2051', 420.62, 424.51)
1000	('2051', 429.06, 434.96)
1000	('2051', 443.66, 447.72)
1000	('2051', 448.98, 451.98)
1000	('2051', 459.86, 463.86)
1000	('2051', 495.31, 499.31)
1000	('2051', 505.67, 509.67)
1000	('2051', 509.67, 513.6700000000001)
1000	('2051', 521.75, 525.75)
1000	('2051', 525.75, 529.75)
1000	('2051', 537.63, 541.63)
1000	('2051', 541.63, 545.63)
1000	('2051', 545.63, 549.63)
1000	('2051', 558.48, 562.48)
1000	('2051', 562.48, 566.48)
1000	('2051', 573.88, 577.88)
1000	('2051', 584.24, 588.24)
1000	('2079', 4.15, 8.15)
1000	('2079', 8.15, 12.15)
1000	('2079', 12.15, 16.15)
1000	('2079', 16.15, 20.15)
1000	('2079', 20.15, 24.15)
1000	('2079', 24.15, 28.15)
1000	('2079', 28.15, 32.15)
1000	('2079', 32.15, 36.15)
1000	('2079', 36.15, 40.15)
1000	('2079', 40.15, 44.15)
1000	('2079', 44.15, 48.15)
1000	('2079', 48.15, 52.15)
1000	('2079', 52.15, 56.15)
1000	('2079', 56.15, 60.15)
1000	('2079', 114.21, 118.21)
1000	('2079', 118.21, 122.21)
1000	('2079', 135.15, 138.15)
1000	('2079', 157.56, 160.17)
1000	('2079', 187.72, 195.58)
1000	('2079', 198.06, 205.78)
1000	('2079', 205.98, 212.88)
1000	('2079', 212.92, 218.96)
1000	('2079', 218.88, 225.7)
1000	('2079', 257.14, 261.08)
1000	('2018', 11.17, 14.42)
1000	('2018', 22.42, 25.9)
1000	('2018', 29.58, 34.74)
1000	('2018', 45.56, 49.56)
1000	('2018', 49.56, 53.56)
1000	('2018', 72.44, 74.73)
1000	('2018', 78.16, 84.59)
1000	('2018', 85.98, 89.98)
1000	('2018', 95.94, 98.67)
1000	('2018', 104.96, 111.09)
1000	('2018', 115.96, 119.96)
1000	('2018', 136.45, 139.41)
1000	('2018', 139.77, 142.59)
1000	('2018', 147.89, 150.19)
1000	('2018', 152.07, 159.71)
1000	('2018', 159.87, 162.75)
1000	('2018', 169.55, 173.55)
1000	('2018', 173.55, 177.55)
1000	('2018', 182.8, 189.72)
1000	('2018', 190.8, 194.78)
1000	('2018', 195.52, 199.52)
1000	('2018', 208.46, 211.46)
1000	('2018', 220.3, 222.52)
1000	('2018', 229.12, 232.06)
1000	('2018', 239.24, 244.08)
1000	('2018', 250.4, 254.4)
1000	('2018', 264.88, 268.88)
1000	('2018', 275.24, 279.24)
1000	('2018', 289.92, 297.28)
1000	('2018', 297.72, 301.72)
1000	('2018', 301.72, 305.72)
1000	('2018', 310.4, 314.93)
1000	('2018', 317.58, 322.39)
1000	('2018', 331.06, 335.06)
1000	('2018', 340.14, 346.53)
1000	('2018', 347.1, 351.75)
1000	('2018', 352.53, 358.37)
1000	('2018', 359.43, 367.11)